7440.27602 18.7210 0.0612 -84.8079 282.3225 5.96 1932
7444.22885 18.7958 0.0658 258.2205 282.4949 6.06 1693
7444.25469 18.8191 0.0502 359.9922 212.4103 4.30 1594
7444.27705 18.8930 0.0497 669.4710 196.5402 3.86 1676
7446.26567 18.4777 0.0635 -1377.8148 365.9977 8.12 1558
7447.21249 18.6274 0.0629 -548.2906 316.0099 7.09 1791
7447.23767 18.7708 0.0616 146.2258 271.3364 5.88 1773
7447.26100 18.8665 0.0861 560.8373 343.0531 5.78 1602
7448.23409 19.2016 0.1388 1756.4857 396.7507 8.37 1669
7448.25668 19.1602 0.1182 1627.9921 354.3686 8.31 1599
7448.28010 18.6319 0.0647 -524.8965 323.4394 6.85 1686
7449.20222 18.7214 0.0689 -82.9388 316.4741 5.67 1754
7449.22945 18.7515 0.0553 58.1190 248.4491 4.70 1723
7449.25256 18.8584 0.0758 527.1048 305.6763 5.51 2641
7449.27453 18.7684 0.0789 135.2884 345.5554 5.21 2977
7450.22249 18.7428 0.0901 17.7273 401.7103 6.11 2693
7451.19724 18.7283 0.0781 -49.9197 355.0488 7.44 2240
7451.22026 18.9341 0.0903 832.5291 337.7713 6.75 2230
7451.26441 18.6896 0.0677 -235.6743 320.4179 6.57 2157
7452.20783 18.7471 0.1186 37.7476 519.9561 8.90 1709
7452.25442 18.6936 0.0582 -215.9919 275.7151 5.61 1464
7452.27893 18.7680 0.0695 133.6363 305.6378 7.14 1639
7453.19368 18.6281 0.0561 -544.6032 282.4149 7.27 1558
7453.21528 18.7865 0.0637 216.7170 276.1938 6.29 1446
7457.26189 18.9265 0.0656 803.1107 249.6912 5.80 1166
7458.19159 18.6100 0.2942 -638.8868 1353.3358 4.91 992
7458.23268 18.7219 0.0920 -80.2137 417.9753 4.74 1313
7458.25468 18.4149 0.5076 -1761.0132 2548.4958 5.72 982
7458.27729 18.8108 0.0576 323.9380 245.0462 4.95 1266
7459.17503 19.0073 0.0681 1108.6327 240.2864 5.42 1203
7459.20468 18.7774 0.0463 175.8215 203.9226 4.60 1131
7459.22691 18.2833 0.4951 -2640.3886 2820.9701 3.91 749
7460.17746 18.7457 0.0607 31.0743 273.4395 5.74 1355
7460.20170 18.7131 0.0641 -122.4070 297.2411 6.22 1461
7460.22405 18.9465 0.1059 880.8615 388.5401 8.10 1422
7460.24595 18.4206 0.0896 -1725.4610 537.9440 8.68 1431
7461.24206 18.7971 0.1671 263.6149 684.4641 7.14 1193
7462.18863 18.8821 0.0670 625.2190 265.6639 6.49 1431
7462.21051 18.8781 0.0629 608.8723 250.7004 5.75 1389
7462.23116 18.8523 0.0607 501.8172 247.9350 5.67 1366
7462.25283 18.8401 0.0624 449.9689 257.5572 6.27 1372
7462.27571 18.9167 0.0718 764.2088 275.2542 6.15 1374
7465.16082 18.7875 0.0542 221.2968 235.6239 5.56 1220
7465.18190 18.0798 0.1489 -4228.8553 1191.0328 5.30 783
7465.22719 19.0270 0.0801 1179.5056 276.1585 7.29 1249
7465.24901 18.8196 0.0706 362.3626 296.0681 6.39 1081
7466.21114 18.8790 0.1094 612.5800 426.4369 8.98 1281
7467.15816 18.6924 0.0648 -222.0147 306.0075 7.29 1762
7467.20077 18.8839 0.0693 632.6715 274.0573 6.51 1446
7467.22158 18.7754 0.0671 166.8206 293.2169 7.02 1262
7467.24338 18.7309 0.0576 -37.8372 263.6675 6.62 1266
7467.26476 18.7073 0.0514 -150.0609 240.8126 5.92 1240
7469.20483 18.9641 0.0859 948.0437 313.1168 6.21 1859
7469.22652 18.7023 0.0556 -174.2280 261.6143 5.81 1666
7469.24838 18.7147 0.0645 -114.3841 298.8234 6.48 1647
7469.27355 18.8618 0.0714 541.3001 287.8436 6.78 1596
7470.14509 18.9248 0.0947 796.3938 356.5222 7.21 1872
7470.17063 18.7500 0.0625 51.1398 280.4871 5.91 1747
7470.19178 18.8678 0.0650 566.3304 261.3852 5.92 1708
7470.21320 18.7273 0.0600 -54.9119 275.0074 5.79 1676
7470.23495 18.7285 0.0476 -49.2305 219.4425 4.72 1536
7470.25649 18.8266 0.0474 392.5390 199.3853 4.19 1454
7470.27861 18.7457 0.0394 31.2329 179.5198 3.57 1423
7471.19604 18.8038 0.0483 293.2445 207.3271 3.80 1895
7471.21754 18.7573 0.0427 84.5536 192.0619 3.41 1783
7471.24264 18.6740 0.0379 -312.1844 184.2108 2.97 1663
7471.26557 18.7386 0.0377 -1.9455 172.7529 3.18 1559
7471.28775 18.7666 0.0424 127.1880 189.1374 3.80 1531
7472.14073 18.7306 0.0829 -39.2422 374.9858 5.12 2206
7472.16241 18.7882 0.0542 224.1895 235.6607 4.44 1976
7472.18392 18.7229 0.0420 -75.5831 194.7831 3.66 1858
7472.20916 18.7629 0.0386 110.2270 172.8000 3.14 1761
7472.23008 18.7018 0.0365 -176.3917 173.0452 2.98 1674
7472.25235 18.7232 0.0321 -74.2634 149.8401 2.47 1662
7472.27392 18.7347 0.0589 -19.9162 268.5015 2.91 2604
7473.13867 18.7641 0.0667 115.8080 294.6321 5.95 1993
7473.16670 18.6968 0.0556 -200.5849 262.8849 5.69 1772
7473.18895 18.7389 0.0503 -0.6129 229.0274 4.65 1676
7473.21036 18.8238 0.0491 380.3069 207.1856 3.99 1605
7473.23260 18.8636 0.0489 548.9471 198.7087 3.82 1614
7473.25511 18.7066 0.0415 -153.2848 195.7807 3.63 1664
7473.27709 18.7548 0.0432 73.1436 194.8527 3.64 1665
7474.13643 18.5549 0.0748 -935.3729 399.1080 7.17 2286
7474.15808 18.6958 0.0610 -205.6055 287.9834 6.14 2035
7474.17914 18.8457 0.0704 473.9028 288.1357 5.83 1869
7474.20011 18.7280 0.0550 -51.7726 252.7794 5.09 1783
7474.24833 18.7786 0.0510 181.4917 223.8189 3.43 1734
7474.26955 18.7216 0.0392 -81.6875 182.4441 3.21 1631
7475.14410 18.9025 0.0621 707.9432 241.9822 4.94 1863
7475.16629 18.8316 0.0555 413.6909 231.5198 4.39 1816
7475.18859 18.8080 0.0472 311.8253 202.3112 3.75 1771
7475.21016 18.8350 0.0448 428.4624 187.5265 3.41 1715
7475.23179 18.8142 0.0506 338.7708 215.0821 4.09 1685
7475.25343 18.7559 0.0437 78.2831 196.8196 3.80 1691
7475.27501 18.7613 0.0675 102.7425 299.0523 3.68 2883
7476.14503 18.8007 0.0703 279.9054 299.6801 5.75 2526
7476.16644 18.7235 0.0655 -72.9850 300.8154 5.66 2766
7476.18731 18.8237 0.0545 380.0555 229.2283 4.08 2137
7476.20839 18.7906 0.0495 235.2027 215.0995 3.67 2104
7479.12277 18.7996 0.0526 274.7064 226.6200 3.87 1753
7479.15178 18.7141 0.0404 -117.5666 189.2736 3.43 1637
7479.17349 18.6999 0.0369 -185.8325 175.5921 3.07 1568
7479.19578 18.8040 0.0432 294.0948 186.0554 2.76 1581
7479.21763 18.7219 0.0347 -80.3196 161.8962 2.94 1565
7479.23977 18.7511 0.0402 56.0767 181.8318 3.25 1605
7479.26209 18.7483 0.0387 43.3233 175.7613 3.12 1588
7479.28565 18.6996 0.0351 -187.1984 167.1616 2.92 1608
7480.11830 19.3916 0.4607 2287.1686 959.7513 5.42 1294
7480.13890 18.9090 0.0878 733.7550 336.4371 4.63 1463
7480.16137 18.7059 0.0467 -156.5548 219.7837 4.01 1295
7480.18354 18.7057 0.0393 -157.6960 185.7273 3.97 1010
7480.20241 18.6802 0.0352 -281.9362 170.2680 3.51 1059
7480.22237 18.6339 0.0731 -514.6945 362.9514 4.16 973
7480.24003 18.8158 0.0376 345.6004 160.7367 3.39 987
7480.25899 18.7492 0.0353 47.3754 160.5520 2.94 949
7480.28111 18.7379 0.0388 -4.9023 177.8095 3.37 897
7481.11748 18.8140 0.0542 337.8925 230.2055 5.57 1023
7481.13762 18.8660 0.0661 559.0775 266.1042 5.86 1048
7481.15691 18.6150 0.0819 -612.2907 412.5016 8.77 1153
7481.17730 18.9024 0.0935 707.4937 359.3526 7.48 1098
7481.19751 19.0924 0.1575 1406.6734 493.5644 6.41 1071
7483.16450 18.7253 0.0520 -64.4572 239.6251 5.13 859
7483.18613 18.7556 0.0502 76.8796 225.4805 5.55 850
7483.20744 18.7615 0.0479 103.8149 214.1025 4.84 839
7483.22802 18.6072 0.0444 -653.3135 228.9157 5.19 917
7483.25192 18.7351 0.0684 -18.1654 310.4241 6.14 888
7483.27066 18.9183 0.0658 770.7760 252.5324 5.58 1010
7483.29430 18.9307 0.0672 819.5564 254.5040 5.50 972
7484.10837 18.6364 0.0562 -501.9342 280.9203 5.30 1024
7484.12962 18.6992 0.0495 -189.1109 234.0426 4.42 914
7484.14831 18.6195 0.0714 -589.2502 359.5301 4.09 887
7484.20375 18.9676 0.0881 961.0661 319.5307 7.38 990
7484.22516 18.6160 0.0519 -607.4761 264.4609 6.34 900
7484.24400 18.8305 0.0574 409.0443 239.6804 6.23 869
7484.26324 18.7801 0.0667 188.2358 290.6275 6.07 934
7484.28262 18.8361 0.0994 433.2668 405.2128 5.84 959
7485.12015 18.7872 0.0609 219.6641 264.2889 5.30 926
7485.13908 18.8407 0.0704 452.8877 289.6308 6.15 948
7485.16127 18.6939 0.0453 -214.6333 215.5137 5.06 903
7485.18012 18.7061 0.0469 -155.8943 220.7327 5.19 859
7485.19795 18.7796 0.0524 185.9093 229.6004 3.60 873
7485.21681 18.7756 0.0472 167.8224 208.1619 3.06 875
7485.23571 18.6470 0.0373 -447.7571 186.1453 3.09 919
7485.25427 18.7042 0.0413 -164.9004 194.9650 3.33 916
7485.27312 18.7746 0.0308 163.2706 137.1855 2.63 859
7487.11544 18.5870 0.1019 -760.8704 521.5573 5.25 797
7487.13945 18.8501 0.0606 492.6470 248.1766 4.95 887
7487.16385 18.7052 0.0905 -160.0551 417.9089 4.55 781
7487.24093 18.8145 0.0392 340.1387 167.5015 3.60 873
7487.26667 18.7620 0.0365 106.2634 163.6491 3.46 911
7487.29552 18.7445 0.0383 25.3674 174.7036 3.48 919
7488.10761 18.8357 0.0545 431.2987 226.7106 4.39 945
7488.14669 18.6266 0.0820 -552.4108 408.6165 3.92 828
7488.16629 18.7633 0.0884 112.2522 386.9310 3.46 849
7488.18660 18.6075 0.0787 -652.1149 399.5264 3.02 765
7488.20507 18.9489 1.1671 889.9967 2748.6006 5.18 660
7488.26627 18.7777 0.1344 177.1880 569.0291 3.30 684
7488.28773 18.7978 0.0403 266.8285 174.6763 3.40 889
7489.13882 18.5650 0.2574 -879.8388 1254.5193 8.25 898
7489.15804 19.0753 0.2824 1348.7280 850.5123 6.21 896
7489.17776 18.5445 0.0831 -993.1283 446.1680 5.84 977
7489.23822 18.4276 0.2479 -1681.8479 1376.9835 5.46 873
7489.25840 18.6277 0.1052 -546.2997 517.8168 5.96 955
7489.27794 18.6238 0.0986 -566.9575 488.6796 7.33 1004
7490.21169 18.6000 0.0429 -691.3850 222.9483 5.29 902
7490.23344 18.8227 0.0470 375.8197 198.5372 4.77 928
7490.25225 18.7689 0.0373 137.3379 166.1600 3.28 897
7490.27283 18.7967 0.0336 261.8461 146.4074 2.93 873
7490.29357 18.7098 0.0552 -137.7745 257.9382 2.71 884
7492.15371 18.7737 0.0680 159.4764 297.5447 6.24 974
7492.17156 18.8064 0.0851 304.6299 358.6491 7.29 1007
7492.18886 18.8243 0.0620 382.6727 259.8239 5.81 928
7492.20896 18.7645 0.0574 117.6131 254.5455 5.42 992
7492.22680 18.8165 0.0600 348.7794 253.4939 6.32 975
7492.24512 18.7740 0.0486 160.4893 214.8200 5.13 932
7492.26500 18.6920 0.0467 -223.8120 222.4801 5.12 914
7493.11997 18.8436 0.0772 465.1542 315.4840 6.56 973
7493.14049 18.6387 0.2060 -489.8835 959.5671 8.45 669
7493.15791 18.8300 0.0541 406.9023 226.1862 5.01 904
7493.17638 18.7314 0.0644 -35.6365 293.8408 4.67 889
7493.19441 18.6514 0.0411 -425.5862 204.0180 4.58 890
7493.21269 18.6673 0.0396 -345.4008 193.8688 3.93 917
7493.23109 18.7803 0.0463 189.0147 203.4395 3.93 866
7493.24978 18.8295 0.0715 404.7465 296.6862 3.85 890
7493.26917 18.5857 0.0624 -767.9379 325.5139 3.98 747
7493.29453 18.9813 0.1154 1012.6391 408.5239 4.48 899
7494.08578 18.5677 0.1269 -864.9807 654.1106 5.25 1404
7494.10329 18.9044 0.1304 715.4595 492.0593 4.69 1221
7494.12157 18.8077 0.0800 310.2511 337.4236 4.14 1030
7494.14081 18.7636 0.0778 113.2496 342.2172 3.74 967
7494.15894 18.7714 0.1027 148.8113 443.5160 3.68 985
7494.17684 18.8450 0.0506 470.9487 209.0105 4.12 934
7494.19872 18.7145 0.0664 -115.5817 307.0215 4.05 940
7494.21711 18.5286 0.1019 -1082.8236 550.3005 3.94 882
7494.23536 18.8314 0.0880 413.1471 362.0392 3.15 840
7494.25570 19.2315 0.1755 1846.1972 480.0631 4.29 803
7494.27955 19.3795 0.3430 2256.2200 760.3107 4.67 735
7495.09427 18.7113 0.0856 -130.6626 393.8091 4.83 1475
7497.07400 18.9505 0.0779 896.2955 288.5730 5.48 1448
7497.09106 18.9210 0.0672 781.2248 257.0543 5.24 1378
7497.09400 18.8437 0.0658 465.4748 270.3772 5.26 1349
7497.11297 18.7034 0.0506 -168.7946 238.0434 4.83 1268
7497.17859 18.8130 0.0538 333.6906 228.6516 5.01 1139
7497.19689 18.7657 0.0511 122.9862 227.3035 4.92 1098
7498.07915 18.8632 0.0594 547.3227 240.3702 4.61 1425
7498.09785 18.8085 0.0528 313.7808 225.4570 4.46 1348
7498.11547 18.7997 0.0496 275.2175 213.8774 4.15 1324
7498.13473 18.8162 0.0525 347.5865 222.5496 4.52 1266
7498.15615 18.6828 0.0499 -268.7817 239.3477 5.05 1187
7498.17776 18.6257 0.0509 -556.9996 257.2303 5.09 1138
7498.19767 18.6732 0.0482 -316.4438 233.4988 5.04 1169
7498.21905 18.6449 0.0422 -458.6294 210.3522 4.52 1088
7498.23975 18.8273 0.0505 395.4069 212.1902 4.66 1130
7498.26623 18.7648 0.0552 118.8712 245.2436 4.48 1066
7498.28870 18.8223 0.0525 374.0852 221.2036 5.24 976
7499.07821 18.9122 0.0726 746.3287 279.1459 4.28 1472
7499.09713 18.7532 0.0599 65.6430 268.0259 4.90 1422
7499.11487 18.7894 0.0555 229.7635 241.0311 4.42 1312
7499.13420 18.8913 0.0559 662.4744 220.6817 4.37 1235
7499.15406 18.6898 0.0533 -234.8591 253.6206 5.27 1226
7499.17140 18.7523 0.0662 61.7238 295.9929 4.83 1228
7499.18924 18.7091 0.0987 -141.4984 452.0405 5.65 1165
7499.20857 18.9096 0.0673 736.1049 259.8905 5.97 1161
7499.22743 18.6926 0.0474 -221.2201 225.5333 4.89 1108
7499.24853 18.9099 0.0512 737.4686 199.0871 4.01 1056
7499.27300 18.7287 0.0466 -48.4880 214.6590 2.84 1076
7499.29390 18.7270 0.0349 -56.3078 161.8684 3.37 981
7500.06543 18.7763 0.0887 170.8788 383.8236 4.90 1960
7500.09298 18.9101 0.0842 738.3086 322.7243 5.45 1741
7500.11062 18.8406 0.0596 452.2561 246.0800 4.52 1608
7500.12943 18.9792 0.1104 1004.7782 392.5011 4.81 1590
7500.14884 18.8132 0.0549 334.5027 233.0829 4.03 1472
7500.17102 18.8640 0.0522 550.5705 211.8391 3.94 1403
7500.18922 18.8344 0.0453 425.6904 189.5555 3.41 1371
7500.20597 18.8132 0.0495 334.3536 210.7954 3.31 1336
7500.22422 18.7506 0.0395 53.8648 179.1249 2.81 1314
7500.24745 18.7475 0.0526 39.3822 237.6443 3.54 1272
7500.26796 18.7447 0.0375 26.3091 171.0340 2.65 1343
7500.28830 18.7451 0.0345 28.2205 157.3657 2.89 1413
7501.11073 18.8103 0.1079 322.0102 448.3286 7.84 2039
7501.13063 19.2731 0.1584 1967.1088 420.2121 8.05 1932
7501.18814 18.8208 0.0755 367.3238 315.5194 6.86 1642
7501.22602 18.9355 0.0944 838.3374 351.8274 7.29 1753
7501.26733 18.7395 0.0668 2.1202 302.1418 5.42 1571
7501.28717 18.9225 0.0653 787.3131 249.7324 4.65 1612
7503.15085 18.6144 0.0643 -615.8175 326.6731 5.71 1827
7507.04977 18.7895 0.0594 230.1999 257.2863 4.53 1554
7507.07632 18.8551 0.0544 513.2686 222.4028 4.39 1477
7507.09872 18.7506 0.0625 53.6633 280.1462 4.69 2265
7507.12234 18.7329 0.0810 -28.4173 365.9696 4.05 2472
7507.14656 18.7383 0.0515 -3.4134 234.7614 3.76 2011
7507.19616 18.8717 0.0688 582.5580 275.0428 4.71 1474
7507.22621 18.8517 0.0949 499.1306 382.1491 5.57 2261
7507.25422 19.0795 0.1418 1362.8348 452.8941 8.19 2327
7512.11483 18.6090 0.0498 -643.7474 255.8971 6.07 1038
7512.13850 18.8738 0.0660 591.2168 263.6059 6.37 1032
7512.16394 18.6537 0.0719 -413.8815 350.7452 5.60 1045
7512.18742 18.7244 0.0582 -68.5661 267.8144 6.52 1088
7512.21020 18.3900 0.0415 -1919.3443 261.9867 6.34 1073
7512.23382 19.0901 0.0804 1398.7723 261.6047 5.97 1072
7512.26276 18.9018 0.0758 705.1633 293.7339 6.58 1201
7512.28624 18.7081 0.0541 -146.0288 253.1106 4.27 1134
7512.30932 18.7607 0.0617 100.1305 274.3062 5.55 1171
7513.03311 19.0334 0.0740 1202.3720 254.4260 5.47 1351
7513.05887 18.7576 0.0572 86.0840 255.5069 4.34 1201
7513.07069 18.6944 0.0498 -212.2033 236.4412 4.47 1115
7513.08404 18.8076 0.0445 309.8371 190.9501 4.02 995
7513.10897 18.8256 0.0494 388.2765 208.0752 3.88 979
7513.13513 18.8123 0.0453 330.4042 193.3813 4.10 982
7513.16152 18.7994 0.0391 273.8175 169.4982 3.43 975
7513.18643 18.7509 0.0362 55.1281 164.2820 3.06 945
7513.21472 18.7514 0.0428 57.5210 193.6701 3.11 961
7513.24250 18.7678 0.0358 132.6655 159.9865 3.00 1046
7513.27348 18.7234 0.0403 -73.1696 187.2767 3.33 1093
7513.29814 18.6992 0.0348 -189.1846 165.8217 2.83 1078
7514.03074 18.7173 0.0569 -102.1121 263.5366 4.88 1361
7514.05472 18.8695 0.0791 573.2465 315.2903 5.16 1105
7514.08036 18.7759 0.0579 168.9628 254.0563 4.58 1021
7514.10421 18.5037 0.0750 -1225.3457 419.4812 4.45 1032
7514.12758 18.8086 0.0774 314.1736 326.6256 3.49 1048
7514.15097 18.6128 0.1612 -624.0819 784.5566 4.53 996
7514.17466 18.8159 0.0490 346.0308 208.3125 3.17 977
7514.19735 18.8606 0.0831 536.5211 333.4111 3.30 1007
7514.22092 18.5800 0.3141 -798.2789 1472.5378 4.59 820
7514.24611 18.6908 0.0408 -229.6053 195.4035 3.01 962
7514.27069 18.7616 0.3125 104.1281 1240.2652 4.19 939
7514.29345 18.7578 0.0435 86.6959 195.2632 3.16 1000
7514.31617 18.6941 0.0458 -213.6774 218.1863 3.29 1026
7515.02819 18.6838 0.0509 -263.8537 243.9333 4.99 1263
7515.05937 18.7154 0.0499 -111.0588 232.5841 5.03 1174
7515.08280 18.7850 0.0526 210.2091 229.6571 4.23 1122
7515.11079 18.6953 0.0531 -207.9158 251.6203 4.41 1113
7515.13533 18.7095 0.0586 -139.4300 273.1641 5.47 1050
7515.16140 18.7538 0.0401 68.4978 180.8798 3.94 1024
7515.18498 18.7387 0.0523 -1.5041 238.3798 4.52 1143
7515.21215 18.6880 0.0526 -243.3392 250.9927 3.97 929
7515.22649 18.8494 0.0586 489.3831 240.4321 4.16 1141
7515.24308 18.7538 0.0427 68.5132 192.5280 3.94 1066
7515.26694 18.8558 0.0475 516.3717 194.7812 3.97 1115
7515.29079 18.5818 0.0686 -788.9423 358.1626 3.93 1234
7516.13776 18.1784 0.3866 -3421.7742 2541.5895 5.37 744
7516.16645 18.7332 0.5105 -27.2256 1909.3426 5.32 797
7516.19029 18.5545 0.3309 -937.9037 1576.6501 4.80 774
7520.09689 19.0399 0.1390 1225.4031 461.0004 8.37 1037
7520.12018 18.6933 0.0757 -217.5289 355.7566 7.52 1109
7520.16696 18.3813 0.0645 -1975.7559 405.9380 8.23 1141
7520.19081 19.0877 0.1061 1390.8967 341.7197 7.23 1060
7520.28862 18.6415 0.0879 -475.9158 430.7432 6.85 1136
7520.31199 18.6926 0.0626 -221.0318 296.2248 5.19 1116
7522.01636 18.8145 0.0621 339.8971 262.6830 4.67 1169
7522.04015 18.6247 0.0502 -562.3133 254.1001 4.74 1123
7522.06201 18.7452 0.0961 28.6388 426.3441 6.56 1154
7522.08659 18.7415 0.0449 11.5091 204.5048 4.62 1005
7522.11081 18.7090 0.0616 -141.9855 287.2187 4.63 1086
7522.13576 18.8139 0.0506 337.6008 215.1861 4.01 1010
7522.15936 18.6591 0.0455 -386.4501 223.4990 4.85 1005
7522.18158 18.6675 0.0759 -344.6276 365.2084 7.07 1130
7522.20558 18.6156 0.0748 -609.4354 377.4535 6.68 1096
7522.22969 18.8412 0.0513 454.6844 212.7478 4.45 1081
7522.25787 18.6866 0.0583 -250.3793 277.6768 5.12 1095
7522.28291 18.7439 0.0740 22.9906 332.0545 5.26 1181
7522.30606 19.1158 0.0934 1484.4925 294.8572 6.18 1250
7523.00747 18.7105 0.0439 -134.6024 206.0359 3.99 1171
7523.03632 18.6620 0.0865 -372.0438 416.1574 4.31 1071
7523.06166 18.8064 0.0416 304.9220 178.9940 3.61 1039
7523.08611 18.7623 0.0479 107.6281 214.0699 3.15 962
7523.11396 18.7495 0.0565 48.9186 254.1935 3.38 1011
7523.15807 18.7143 0.0547 -116.6366 254.4191 3.56 1043
7523.18897 18.8247 0.0583 384.3058 244.7405 3.36 1092
7523.21620 18.7128 0.0360 -123.7978 169.0852 3.00 1075
7523.24145 18.7044 0.0524 -163.7165 246.1152 3.08 1066
7523.26639 18.7822 0.0511 197.6988 223.7935 3.31 1029
7523.29089 18.1958 0.1049 -3287.2557 769.3309 4.23 972
7527.06941 18.6579 0.0865 -392.7338 418.0019 8.22 1407
7527.09265 18.9451 0.0878 875.2543 325.4273 7.18 1364
7527.11699 18.8543 0.0810 510.1813 327.4029 6.03 1338
7527.14198 18.5584 0.0685 -916.2143 365.7039 7.49 1331
7527.16538 18.6824 0.0765 -270.6962 362.9841 7.44 1351
7527.18800 18.7957 0.0809 257.4407 344.8960 5.81 1295
7527.21123 18.8816 0.1012 623.3331 395.0585 7.21 1312
7527.23476 18.9832 0.1149 1019.8309 405.9615 8.19 1321
7527.25762 18.7466 0.0537 35.2485 242.6999 5.07 1201
7527.28177 18.9332 0.0670 829.3256 253.2602 5.42 1130
7527.30565 18.7236 0.0754 -72.2249 344.3001 6.42 1287
7528.00039 18.7439 0.0837 22.9759 374.0819 6.98 1801
7528.02483 18.8052 0.0729 299.6110 309.5096 6.32 1676
7528.04768 18.7799 0.0767 187.1048 332.6628 6.32 1552
7528.07053 19.0409 0.0942 1229.0867 318.5320 6.01 1510
7528.09392 18.6032 0.0730 -674.3038 373.1895 6.41 1463
7528.11727 18.6600 0.0724 -381.9403 351.2824 7.08 1419
7528.14547 18.2823 0.0588 -2647.7819 406.7359 8.53 1419
7528.16901 18.6560 0.0647 -402.1299 316.2604 7.86 1313
7528.21483 18.9976 0.0924 1073.0416 325.6252 7.77 1285
7528.23847 18.8126 0.0808 331.9751 339.4642 7.87 1438
7528.26157 18.5808 0.0652 -794.0150 341.1131 7.39 1436
7529.06514 18.7761 0.0731 170.0954 318.7655 4.70 2049
7529.08834 18.8316 0.0772 413.9517 319.2725 4.10 2344
7529.26789 18.6896 0.0618 -235.7972 293.4067 4.70 2539
7529.31404 18.3476 0.9080 -2197.1560 4114.2589 5.61 2669
7537.97793 18.7489 0.0771 45.9265 344.0346 7.34 1110
7538.00241 18.6209 0.0499 -581.6920 253.7036 5.41 1048
7538.02634 18.6557 0.0435 -403.4898 214.8324 5.17 925
7538.05023 19.1724 0.0909 1666.3569 272.6681 6.41 939
7538.07446 18.6805 0.0453 -280.1233 218.5242 5.64 902
7538.09744 18.7924 0.0482 242.9198 209.1787 4.75 959
7538.13713 18.7487 0.0397 45.2142 180.2042 3.65 955
7538.16016 18.7730 0.0417 155.9910 184.7201 3.52 967
7538.18392 18.8134 0.0417 335.2486 178.3201 3.56 1006
7538.20767 18.7815 0.0388 194.5540 170.9058 3.26 984
7538.23100 18.7844 0.0384 207.5151 168.6092 3.17 955
7538.25901 18.8457 0.0437 473.7813 181.0413 3.89 1078
7538.28246 18.7548 0.0436 72.9258 196.2678 3.73 1161
7538.30542 18.8002 0.0520 277.5365 223.6690 4.55 1290
7538.30995 18.8665 0.0608 561.1304 244.9985 4.92 1318
7538.96365 18.8184 0.0638 357.2368 268.6810 5.29 890
7538.98880 19.0150 0.1093 1136.4929 376.0395 7.06 1039
7539.01180 18.5999 0.0513 -692.1133 265.4185 5.94 933
7539.03534 18.7830 0.0576 200.9939 251.0563 5.49 958
7539.05870 18.7534 0.0840 66.5822 371.9790 5.59 907
7539.08322 18.8284 0.0530 400.0868 221.9829 4.91 959
7539.11394 18.7873 0.0420 220.2000 183.9136 4.07 940
7539.13899 18.7626 0.0540 109.0106 240.1724 4.74 986
7539.16508 18.6980 0.0511 -194.6703 241.7237 5.04 1001
7539.19054 18.6926 0.0458 -221.2282 218.2023 5.16 944
7539.21849 18.9183 0.1245 770.8171 465.0911 4.66 975
7539.24643 18.7882 0.0594 224.1193 257.7648 5.39 1002
7539.27141 18.7732 0.0483 156.7681 213.4285 4.45 1032
7539.29494 18.8655 0.0898 556.8161 357.5547 7.17 1117
7539.31014 18.6054 0.1073 -663.0684 538.6322 5.96 1113
7539.98923 18.8280 0.0459 398.2821 193.0424 3.99 952
7540.01264 18.8063 0.0371 304.4971 159.7128 3.35 895
7540.03851 18.7679 0.0354 132.9888 158.1540 3.14 864
7540.06081 18.7527 0.0347 63.7036 157.3659 2.87 774
7540.08428 18.6606 0.0512 -378.9246 250.8872 5.06 937
7540.11037 18.7609 0.0387 101.3248 173.7563 3.57 874
7540.13598 18.7738 0.0424 159.6301 187.6878 3.90 838
7540.13948 18.7474 0.0767 38.8591 342.5543 5.72 933
7540.16342 18.6988 0.0458 -190.8506 216.9798 4.43 873
7540.19335 18.8633 0.0626 547.4919 252.8923 4.26 1005
7540.21725 19.0063 0.1309 1104.7805 449.7056 4.22 1024
7540.24068 18.8297 0.0483 405.6758 202.6876 4.28 1081
7540.26592 18.7514 0.0460 57.4804 207.8379 4.29 1136
7540.29379 18.7057 0.0451 -157.4713 212.6171 4.23 1198
7540.30825 18.7329 0.0474 -28.6947 217.6303 4.69 1217
7551.96259 18.6142 0.0416 -616.6038 213.4603 4.74 946
7551.98656 18.8078 0.0678 310.9221 287.6281 6.10 916
7552.01211 18.6251 0.0484 -559.7635 244.9045 5.78 908
7552.03770 18.7023 0.0426 -173.9865 201.5303 4.67 886
7552.06126 18.6837 0.0448 -264.7582 215.4627 5.34 849
7552.08514 18.7365 0.0488 -11.6284 222.8906 4.60 861
7552.10996 18.6435 0.0407 -465.7290 203.1878 4.40 765
7552.13302 18.7354 0.0440 -17.0201 201.5808 4.65 932
7552.15657 18.8444 0.0622 468.5395 255.6717 5.40 1005
7552.18058 18.7106 0.0552 -134.2870 257.5004 5.33 1087
7552.20848 18.6494 0.0483 -435.3358 239.4293 5.69 1092
7552.23229 18.5292 0.0566 -1079.1645 312.1176 5.97 1110
7552.25560 19.0114 0.0986 1123.5577 342.1344 7.57 1216
7552.96662 18.6505 0.0348 -430.2120 173.4015 3.74 862
7552.99314 18.7018 0.0378 -176.6776 179.4032 4.01 859
7553.01687 18.6699 0.0371 -332.8753 181.1235 3.79 891
7553.04112 18.7531 0.0403 65.2620 182.0384 3.38 830
7553.06750 18.7610 0.0440 101.4566 197.1493 3.86 867
7553.09517 18.6798 0.0376 -283.9501 181.9911 3.90 873
7553.12506 18.6580 0.0470 -392.2054 231.0793 3.66 920
7553.15452 18.7182 0.0497 -97.7481 230.8298 3.87 832
7553.18119 18.6016 0.0530 -683.2195 273.9769 5.39 932
7553.20687 18.7328 0.0374 -28.8776 172.2310 3.71 904
7553.23167 18.6927 0.0381 -220.8125 182.2426 3.73 919
7553.25508 18.6927 0.0669 -220.6852 315.6769 3.97 887
7553.27149 18.6803 0.0425 -281.4271 205.3663 4.31 926
7553.28631 18.6817 0.0483 -274.1669 232.0498 4.82 1064
7553.97228 18.8311 0.0734 411.7341 304.1212 6.59 1071
7553.99638 18.6177 0.0944 -598.6719 471.4603 7.67 1129
7554.02003 18.7798 0.1226 186.8329 520.6565 7.15 1255
7554.04370 18.7155 0.0622 -110.7985 287.9852 5.66 1074
7554.06647 18.7077 0.0574 -147.9400 268.3895 4.08 1045
7554.08994 18.6711 0.0361 -326.6773 176.4218 2.83 1174
7554.11705 18.7154 0.0322 -111.1429 151.3042 2.83 1040
7554.13916 18.6457 0.0482 -454.4645 239.6410 2.93 981
7554.16286 18.7095 0.1029 -139.6614 470.3938 3.94 1100
7554.18601 18.6925 0.0330 -221.5389 158.0436 2.82 824
7554.20804 18.6783 0.0354 -291.0704 171.6648 3.49 937
7554.24620 18.5769 0.1389 -815.3559 705.9273 4.34 490
7554.96443 18.6954 0.0473 -207.2668 224.5980 4.04 1082
7554.98907 18.7036 0.0516 -167.7058 242.7465 4.88 1085
7555.01534 18.5830 0.0462 -782.2881 243.6433 4.68 1036
7555.04179 18.7150 0.0461 -113.0060 214.9678 3.80 1032
7555.06640 18.7001 0.0374 -184.7394 177.9090 3.57 988
7555.09291 18.5979 0.0402 -702.6210 209.8238 4.07 1008
7555.11982 18.6557 0.0375 -403.7785 185.3818 3.01 971
7555.14426 18.6741 0.0425 -312.0302 206.4076 2.66 933
7555.18038 18.6472 0.0286 -446.7955 143.1650 2.74 966
7555.20540 18.6595 0.0328 -384.7576 161.8705 3.17 905
7555.22885 18.6927 0.0341 -220.7991 163.3115 3.21 833
7555.25283 18.6396 0.0353 -485.2474 177.6744 3.21 895
7555.26517 18.7345 0.0384 -21.0266 176.7007 3.80 948
7555.28623 18.5757 0.0422 -821.6156 224.1216 5.24 1003
7565.13679 18.1048 0.0324 -4016.6262 266.9225 6.07 945
7565.15903 18.0894 0.0251 -4146.7059 210.2250 4.29 918
7565.17717 18.0993 0.0249 -4063.4684 207.0718 3.95 1008
7565.19499 18.1045 0.0326 -4019.6500 268.5962 4.19 1650
7565.22822 18.1158 0.0298 -3925.4636 243.6408 3.98 1339
7565.23674 18.0491 0.0595 -4494.8820 509.8602 5.16 1574
7567.97732 17.0128 0.0171 -19762.2325 387.2396 8.47 1073
7567.99532 16.9613 0.0112 -20968.6274 267.9005 5.33 1038
7568.88013 16.4213 0.0075 -37739.3120 295.3169 4.98 1203
7568.90132 16.4197 0.0071 -37803.3508 279.5868 4.52 1099
7568.91910 16.4226 0.0070 -37690.2132 275.1652 4.71 1074
7568.93768 16.4329 0.0067 -37287.0178 260.0537 4.27 1080
7568.95490 16.4489 0.0078 -36666.4629 298.7105 4.06 1069
7568.97302 16.4691 0.0069 -35898.0185 259.8601 4.07 1002
7568.99025 16.4738 0.0076 -35720.6385 284.1184 3.80 935
7569.00757 16.4909 0.0080 -35083.9449 293.8841 4.79 1061
7569.02473 16.5088 0.0092 -34427.4927 333.0404 4.47 1007
7569.04196 16.5163 0.0080 -34155.9771 287.3960 3.60 945
7569.05909 16.5450 0.0070 -33130.5391 246.4007 4.01 874
7569.07696 16.5581 0.0075 -32672.9988 258.9294 4.06 871
7569.09495 16.5320 0.0070 -33592.6544 247.8876 3.66 795
7569.11210 16.4853 0.0072 -35292.3276 266.1087 5.26 874
7569.12973 16.4736 0.0069 -35728.0815 259.2333 4.66 904
7569.14698 16.5037 0.0093 -34613.1304 338.0221 6.32 1013
7569.16476 16.5722 0.0075 -32187.2751 256.3141 4.64 968
7569.18162 16.6454 0.0130 -29759.4561 414.0793 5.13 937
7569.19905 16.6714 0.0081 -28933.8290 253.1141 4.26 957
7569.21661 16.6706 0.0087 -28959.5223 271.3382 4.80 1039
7569.22623 16.6821 0.0087 -28601.3819 269.0281 5.34 1124
7569.24418 16.7142 0.0119 -27619.6775 356.3793 7.24 1222
7569.98824 17.3050 0.0236 -13904.5845 408.3128 5.53 1017
7570.00542 17.3094 0.0153 -13828.2637 263.7905 5.31 899
7570.02311 17.3148 0.0156 -13733.7122 267.5091 5.19 884
7570.04088 17.3354 0.0225 -13380.5609 378.4851 5.48 904
7570.05832 17.3163 0.0134 -13708.5525 230.8232 4.94 884
7570.07534 17.3559 0.0154 -13036.1773 254.6604 4.70 885
7570.09361 17.3168 0.0221 -13698.4318 378.8400 4.25 846
7570.11108 17.3869 0.0481 -12525.5528 762.6951 4.98 709
7570.12865 17.3593 0.0474 -12978.6473 770.3152 4.35 801
7572.94103 18.2966 0.0745 -2546.9812 504.8833 7.26 857
7572.95845 18.1584 0.0326 -3579.5633 255.8340 5.23 866
7572.97594 18.2629 0.0381 -2786.8682 270.3813 6.29 878
7572.99355 18.2588 0.0290 -2815.8911 207.9348 4.66 818
7573.00965 18.2096 0.0265 -3181.7741 198.6601 4.36 821
7573.03270 18.0577 0.0349 -4419.7039 299.8876 6.33 907
7573.05028 18.2647 0.0355 -2773.2339 251.7700 5.17 874
7573.06803 18.1890 0.0317 -3339.4540 241.9995 4.60 935
7573.08538 18.2436 0.0614 -2927.0661 439.2239 4.22 947
7573.10260 18.2666 0.0353 -2759.6923 250.4069 5.47 990
7573.12009 18.1595 0.0350 -3570.7785 274.2302 5.45 1002
7573.13732 18.2686 0.0312 -2745.3821 220.9312 3.94 962
7573.15460 18.2612 0.0283 -2798.8327 202.0561 4.34 899
7573.17312 18.3178 0.0315 -2399.5744 213.7219 4.55 905
7573.19077 18.1531 0.0343 -3622.0799 269.7143 5.48 1051
7573.21412 18.3068 0.0637 -2475.5066 429.6437 7.51 1201
7573.21703 18.3137 0.0451 -2427.8088 304.9542 5.59 1166
7573.23282 18.2848 0.0499 -2630.1283 345.6418 5.76 1218
7578.88106 18.6069 0.0477 -654.9360 245.9514 4.91 1001
7578.89940 18.6651 0.0432 -356.4767 211.5040 4.67 976
7578.91847 18.5765 0.1472 -817.1691 745.4452 7.81 916
7578.93715 19.1347 0.5436 1546.4417 1385.1429 7.58 806
7578.95441 18.7007 0.0537 -181.6174 252.8574 5.60 900
7578.97523 18.7124 0.0656 -125.4878 304.0529 6.94 880
7578.99281 18.5787 0.0420 -805.4510 222.8832 5.41 802
7579.01044 18.4490 0.0486 -1550.4162 289.5281 6.95 773
7579.02957 18.6200 0.0546 -586.7097 277.0048 5.46 729
7579.04668 18.5301 0.0354 -1073.9333 197.0743 4.82 752
7579.06873 18.6539 0.0515 -412.9205 253.9013 5.79 760
7579.08652 18.6343 0.0411 -512.7987 207.0972 5.25 783
7579.10403 18.7121 0.0447 -127.1208 209.2675 4.96 727
7579.88078 18.7259 0.0752 -61.6449 343.0350 6.56 1123
7579.89814 18.5493 0.0712 -966.3137 382.8725 5.65 1060
7579.91523 18.6165 0.0511 -604.7119 260.5270 4.84 1007
7579.94999 18.4930 0.0636 -1287.4323 361.2491 6.84 1054
7579.96760 18.7492 0.0489 47.2867 220.8501 4.15 937
7579.98974 18.7134 0.0408 -120.9939 191.0270 3.99 912
7580.00743 18.7011 0.0390 -179.7070 185.0144 3.35 866
7580.02473 18.5846 0.0372 -773.9488 196.4992 3.91 867
7580.04210 18.6440 0.0371 -462.9772 185.6276 3.94 843
7580.06044 18.7139 0.0485 -118.3321 226.3097 3.64 809
7580.07818 18.7394 0.0365 1.8355 167.3997 3.68 801
7580.09545 18.6873 0.0478 -246.8891 228.8529 4.04 826
7580.11256 18.6205 0.0460 -583.8917 234.4729 4.00 870
7580.13015 18.5498 0.0374 -963.8043 203.8307 3.96 839
7580.14807 18.4144 0.0506 -1764.5280 310.6551 5.88 890
7580.16541 18.8611 0.2015 538.5743 766.3384 4.76 820
7580.18267 19.1673 0.2799 1650.3455 775.5766 6.30 904
7580.19579 18.6926 0.1255 -221.2029 576.7054 5.43 889
7580.21057 18.5897 0.3971 -746.1154 1779.5958 7.71 692
7583.88193 18.8273 0.0656 395.6227 273.6890 5.84 1437
7583.89880 18.6563 0.0588 -400.4648 288.2334 5.50 1425
7583.91658 18.6808 0.0649 -278.8181 309.9161 6.62 1521
7583.93371 18.5632 0.0517 -889.8014 276.9526 6.49 1313
7583.95095 18.6098 0.0551 -639.5607 281.9791 6.70 1239
7583.96856 18.6974 0.0596 -197.5321 280.8457 6.69 1274
7585.13512 18.7565 0.0588 80.9958 262.8448 4.58 2001
7594.11287 18.6996 0.0633 -187.1382 297.2279 6.45 1040
7594.13035 18.9606 0.0750 934.5896 275.6326 6.99 1087
7594.91585 18.9667 0.1312 958.0283 467.2519 7.80 1020
7595.01513 18.6873 0.0501 -246.9457 239.5380 5.84 855
7595.04319 18.7989 0.0586 271.5732 251.5647 5.69 1001
7595.06133 18.7031 0.0483 -170.2928 227.9229 4.46 1018
7595.07879 18.7080 0.0621 -146.5147 289.5130 5.34 1055
7595.09682 18.7242 0.0561 -69.5011 258.2787 5.32 1065
7596.12717 18.6993 0.0540 -188.4247 254.9459 5.52 954
7596.87068 18.9948 0.0962 1062.6185 339.2172 7.70 1021
7596.88812 18.9441 0.0770 871.5538 286.9903 6.32 986
7596.90701 18.7858 0.0725 213.7843 313.0943 6.45 929
7596.92484 18.7824 0.0653 198.2647 283.7999 6.65 938
7596.94223 18.5744 0.0480 -828.7465 254.9001 5.48 814
7597.87771 19.2771 0.1686 1978.5265 443.7365 8.42 1094
7597.89529 18.8776 0.0990 606.8097 388.2718 7.87 1033
7597.91571 18.5064 0.0546 -1209.8236 307.5587 6.63 962
7597.93319 18.7271 0.0663 -55.9671 303.3269 6.96 967
7597.95048 18.5697 0.0617 -854.4943 326.8152 8.31 942
7597.97494 18.3985 0.0581 -1865.1600 360.8754 7.69 912
7597.99421 18.6218 0.0637 -577.1769 321.3315 7.78 843
7598.03480 18.9430 0.0857 867.2923 318.4812 7.59 908
7598.05303 18.8499 0.0719 491.6929 292.9070 7.05 910
7598.07014 18.4603 0.0728 -1481.4773 424.4386 8.78 962
7598.10981 18.8230 0.0586 376.9498 246.2406 5.55 969
7598.12759 18.7054 0.0597 -159.0417 279.5501 6.71 1083
7598.14463 18.7774 0.0636 175.8250 278.0446 4.75 1008
7598.16395 18.9997 0.1149 1080.9041 399.7549 8.26 1154
7598.89593 18.6385 0.0538 -490.8839 268.4766 5.46 895
7598.91450 18.6898 0.0470 -234.7234 224.6302 4.19 822
7598.95069 18.8092 0.0511 317.0889 218.1437 4.50 836
7598.97208 18.7099 0.0375 -137.6180 176.4777 3.90 818
7598.99160 18.7104 0.0364 -135.2061 171.4343 3.43 852
7599.01020 18.8400 0.0443 449.9162 184.4475 2.89 819
7599.02865 18.7355 0.0359 -16.5725 165.2692 2.73 788
7599.04612 18.8052 0.0454 299.5981 194.9319 2.53 817
7599.06414 18.6440 0.0353 -462.7730 176.7770 2.71 867
7599.08319 18.7674 0.0388 130.8501 173.2804 2.98 897
7599.10252 18.8288 0.0452 401.8142 190.2473 3.51 913
7599.12028 18.6561 0.0470 -401.8568 231.3135 4.82 1079
7599.13995 18.7914 0.0545 238.7268 236.2348 5.56 1124
7599.14329 18.9857 0.1006 1029.0393 356.9514 6.33 1201
7599.15811 18.5040 0.0583 -1223.3740 328.4142 7.26 1273
7599.87573 18.6666 0.0529 -349.0589 257.1539 5.70 837
7599.89332 19.0447 0.1158 1242.3242 386.4035 5.83 792
7599.91067 18.5922 0.1581 -732.7491 785.5620 7.11 683
7599.92855 18.8371 0.1055 437.2713 428.2425 5.13 720
7600.05896 18.7742 0.0478 161.3709 211.0826 4.60 784
7600.07689 18.2887 0.3971 -2601.9367 2347.6797 8.06 546
7600.09511 18.8788 0.2689 611.7424 976.5337 6.88 681
7600.11262 18.7283 0.0493 -50.1793 227.1025 4.48 880
7600.13430 18.8102 0.1139 321.1958 472.2128 5.19 797
7600.14036 18.7684 0.0441 135.4085 196.2194 3.87 889
7600.15516 18.6967 0.0477 -201.1926 226.3397 5.38 1001
7600.86615 18.7252 0.0640 -64.8298 293.5816 6.42 1050
7600.88571 18.7418 0.0436 13.1021 198.9204 4.39 936
7600.90511 18.7160 0.0486 -108.5913 226.2508 4.67 939
7600.92429 18.8221 0.0478 372.9716 202.1942 4.03 909
7600.94234 18.7908 0.0431 235.7953 187.8374 3.85 945
7600.96109 18.7783 0.0456 180.1844 200.6319 3.59 844
7600.98387 18.6979 0.0443 -195.5178 210.2366 3.85 809
7601.00289 18.7657 0.0399 122.8159 178.2103 3.33 809
7601.02736 18.7981 0.0391 268.3741 169.7318 3.43 869
7601.04835 19.0527 0.2390 1270.4239 749.3714 4.16 608
7601.06708 18.4992 0.0844 -1251.1111 472.1549 4.08 714
7601.08952 18.7189 0.0361 -94.4281 168.5308 3.61 867
7601.11022 18.7123 0.0371 -125.8525 174.1799 3.71 864
7601.12712 18.7921 0.0348 241.6918 151.9698 3.13 854
7601.13841 18.6504 0.0381 -430.3304 189.3847 3.97 901
7601.15526 18.7031 0.0592 -170.3017 277.5647 6.03 988
7601.96650 18.4852 0.0411 -1333.1151 237.5764 4.44 788
7601.98588 18.6318 0.0753 -525.2699 374.6281 4.54 706
7602.00368 18.7861 0.2218 215.0486 895.6914 6.52 555
7602.02293 18.5571 0.1766 -923.4816 898.7950 5.23 499
7604.87943 18.7411 0.0413 9.8856 188.7248 3.96 844
7604.89818 18.7235 0.0416 -72.5663 193.1017 4.67 809
7604.93484 18.6540 0.0374 -412.5154 185.2147 4.49 795
7604.95598 18.6719 0.0516 -322.8851 249.9204 4.20 788
7604.97615 18.7367 0.0472 -10.6218 215.8997 4.57 755
7605.88074 18.6754 0.0683 -305.6114 327.3166 6.54 989
7605.92470 18.7217 0.0585 -81.5505 270.0608 5.86 957
7605.94372 18.8539 0.0683 508.5482 277.4835 6.64 918
7605.96593 18.7883 0.0392 224.9303 171.4627 3.87 798
7605.98399 18.5502 0.0514 -961.7595 278.5109 6.92 872
7606.04575 18.4678 0.0456 -1436.4315 267.2794 7.39 916
7606.06500 18.7963 0.0524 260.4188 226.1054 5.29 864
7606.08356 18.5303 0.0578 -1073.1204 318.3495 6.76 921
7607.88074 18.8156 0.0596 345.0261 252.1786 5.74 958
7607.89876 18.8045 0.0651 296.1845 277.2700 5.09 972
7607.91595 18.7294 0.0529 -44.9839 242.7742 5.74 933
7607.93467 18.7097 0.0588 -138.4877 273.9808 5.84 961
7607.95662 18.7913 0.0483 238.1647 210.0750 4.09 837
7607.97478 18.7080 0.0443 -146.5569 208.4372 4.91 893
7607.99320 18.8759 0.0459 599.8337 184.7595 4.06 894
7608.01063 18.7286 0.0529 -48.5735 243.0310 4.85 879
7608.02787 18.5486 0.0540 -970.3327 292.7037 5.89 867
7608.04608 18.7408 0.0592 8.5692 268.4243 5.36 879
7608.06438 18.6906 0.0382 -230.7327 183.0539 4.05 831
7608.08235 18.6863 0.0412 -251.6138 198.0115 4.90 804
7608.10032 18.7975 0.0448 265.4809 193.9075 4.40 758
7608.11831 18.6995 0.0553 -187.3854 260.8405 5.51 813
7608.13330 18.7257 0.0681 -62.5316 311.3927 7.65 822
7608.89239 18.6450 0.0558 -457.9206 276.5588 5.63 968
7608.91172 18.5904 0.0438 -742.7158 229.3530 5.47 905
7608.93223 18.7359 0.0470 -14.6741 215.0638 4.46 922
7608.95246 18.7717 0.0472 150.2868 209.0207 4.76 914
7608.97843 18.8144 0.0493 339.8417 209.4674 4.30 878
7608.99870 18.8110 0.0422 324.8317 180.6554 4.00 871
7609.01717 18.7631 0.0493 111.3240 219.6791 5.43 880
7609.03468 18.7431 0.0476 19.0490 216.1855 4.15 807
7609.05222 18.6702 0.0571 -330.9844 276.2310 4.31 785
7609.07106 18.7907 0.0413 235.6375 180.2707 4.07 752
7609.09020 18.7234 0.0422 -73.0685 195.8585 3.84 794
7609.10773 18.6961 0.0412 -203.9445 196.1910 4.61 842
7609.11361 18.7029 0.0409 -170.9730 193.4729 4.17 781
7609.12833 18.7328 0.0462 -28.9824 212.0149 4.52 799
7610.05190 18.6813 0.0905 -276.2956 426.9886 5.65 821
7610.06908 19.3563 1.0998 2195.6721 1826.0269 5.06 568
7610.90271 18.7294 0.0540 -44.9096 247.6679 5.70 1074
7612.89434 19.1558 0.1370 1613.9846 408.9084 8.01 1484
7612.91251 18.8086 0.1161 314.2066 481.7355 8.99 1351
7612.93551 18.6125 0.0587 -625.5055 299.6069 6.96 1301
7612.95724 18.7989 0.0685 271.9159 293.0687 6.36 1616
7612.97597 18.5799 0.0531 -799.2587 279.7614 5.70 1485
7612.99669 18.6525 0.0668 -419.7161 327.3779 5.82 1581
7613.01874 18.9566 0.0931 919.3295 340.5634 6.53 1579
7613.03713 18.5550 0.0532 -934.7746 286.6697 5.69 1578
7613.05630 18.7083 0.0687 -145.1237 319.2710 5.57 1496
7613.07468 18.8742 0.0702 592.6906 279.9680 5.85 1542
7613.09630 18.6352 0.0532 -508.0941 266.4892 4.67 1550
7613.10940 18.7050 0.0742 -160.9135 345.2332 5.73 1659
7613.12397 18.7519 0.0659 59.7382 294.5184 5.44 1336
7613.89717 18.7032 0.1160 -169.8103 530.3956 8.96 2951
7613.91776 18.4834 0.0711 -1343.7783 406.3745 7.52 2799
7614.07432 18.9871 0.1000 1034.1072 354.3933 5.48 2961
7614.11281 18.7462 0.0767 33.5782 343.0967 6.36 2901
7615.87266 18.9733 0.0974 982.6687 350.0251 6.24 2783
7615.89499 18.7167 0.0862 -105.0303 394.3514 6.41 2588
7615.91515 18.6804 0.0775 -280.6525 368.3535 6.60 2464
7615.94296 18.6063 0.0648 -658.1888 331.6784 6.10 1770
7615.96470 18.6947 0.0643 -210.9489 303.1720 4.81 1979
7615.98994 18.6781 0.0606 -292.2294 290.5990 4.90 1745
7616.00797 18.9188 0.0770 772.4887 293.7920 5.00 1900
7616.02694 18.8090 0.0624 315.9539 265.0728 5.07 1834
7616.04444 18.7386 0.0598 -2.0864 271.3669 4.83 2018
7616.06376 18.8589 0.0805 529.2675 324.0711 6.15 2006
7616.08734 18.8235 0.0763 379.0862 317.7515 5.23 2210
7616.09589 18.6857 0.0605 -254.6776 288.2413 5.18 2195
7616.11139 18.6924 0.0780 -222.1117 366.4356 5.11 2264
7616.88406 18.7904 0.0934 234.2167 398.1099 6.95 1936
7616.90245 18.7274 0.0649 -54.3441 296.8168 5.80 1937
7616.93039 18.9519 0.0736 901.6014 272.8769 4.85 1906
7616.94964 18.6106 0.0511 -635.8337 261.8293 4.71 1739
7616.96913 18.7429 0.0583 18.3467 263.8792 4.28 1663
7616.98759 18.8213 0.0642 369.4821 269.5960 4.23 1611
7617.00755 18.8446 0.0646 469.1056 265.3267 4.09 1641
7617.02589 18.7764 0.0597 171.4363 261.8938 4.61 1685
7617.04407 18.7680 0.0560 133.4825 247.8356 4.66 1783
7617.04711 18.8199 0.0650 363.5831 273.2072 4.69 1736
7617.06505 18.7003 0.0582 -183.5361 273.8101 4.85 1802
7617.08543 18.7647 0.0607 118.5324 268.8344 4.79 1960
7617.09392 18.8520 0.0684 500.4128 278.5665 5.04 2058
7617.10853 18.8123 0.0696 330.6078 293.9377 5.34 2211
7617.87426 18.6781 0.0696 -291.9291 332.6919 6.74 1798
7617.89856 18.6104 0.0596 -636.8425 304.4104 5.64 1719
7617.91632 18.6823 0.0690 -271.5615 328.6825 4.84 1675
7617.93663 19.5385 0.2750 2638.4593 542.4602 4.75 1696
7617.93816 18.7385 0.0659 -2.5152 298.4318 4.27 1614
7617.95753 18.7591 0.0736 92.8938 325.5502 5.20 1657
7617.97835 18.7542 0.0518 70.5112 232.4320 3.99 1686
7618.00336 18.5009 0.0564 -1241.7155 318.9365 4.71 1715
7618.02147 18.7374 0.0652 -7.3047 295.5793 5.25 1746
7618.04263 18.6221 0.0579 -575.5390 292.6747 4.79 1766
7618.06195 18.8984 0.0692 691.3725 270.0754 5.06 1761
7618.08048 18.7348 0.0618 -19.6460 281.3999 5.39 1865
7618.08971 18.6724 0.0656 -320.2331 315.6505 5.61 1956
7618.10511 18.5234 0.0687 -1111.9409 378.4896 6.40 2131
7618.86806 19.0097 0.1026 1117.3488 355.6385 6.95 2089
7618.88911 18.6092 0.0602 -643.0577 307.8388 5.93 1960
7618.90985 18.6594 0.0815 -384.8908 393.7885 6.72 1918
7618.92946 18.7511 0.0659 56.2086 294.8193 5.20 1801
7618.94897 18.6608 0.0667 -378.2528 324.1534 5.29 1819
7618.97127 18.8075 0.0594 309.5013 253.2144 4.47 1800
7618.98972 18.7641 0.0594 115.6860 263.2785 5.11 1754
7619.00823 18.6577 0.0500 -393.7057 245.4339 4.17 1829
7619.01320 18.7621 0.0499 106.7653 222.7602 3.63 1809
7619.03234 18.7249 0.0598 -66.3705 274.9769 4.61 1885
7619.05196 18.8559 0.0757 516.9240 306.1174 4.80 1921
7619.07135 18.6552 0.0608 -406.0986 297.7889 5.12 2250
7619.08623 18.6546 0.0593 -409.0812 290.9533 5.08 2234
7619.10060 18.7223 0.0949 -78.4267 430.3178 5.70 2428
7620.94692 18.7044 0.0702 -163.7804 327.1102 6.69 1071
7620.96510 18.6975 0.0685 -197.4030 321.6827 7.29 1103
7620.98306 18.7372 0.0801 -8.1906 360.7792 6.05 1152
7621.02257 18.7614 0.0678 103.4679 300.1141 5.48 1157
7621.04260 18.7068 0.0616 -152.5951 287.5743 5.50 1282
7621.06034 18.9135 0.0982 751.7151 372.6868 6.53 1259
7621.07975 18.4520 0.0574 -1531.6245 339.7651 6.63 1321
7621.09837 18.5914 0.0675 -737.1027 349.3606 6.53 1435
7621.87092 18.8033 0.0581 291.3209 248.5653 5.85 930
7621.88894 18.7121 0.0532 -126.7698 248.3549 5.58 897
7621.93049 18.8484 0.0512 485.3812 210.8656 4.54 791
7621.96674 18.7167 0.0819 -104.8477 375.3867 8.40 1008
7621.98643 18.9900 0.0823 1044.8916 293.4678 6.62 1021
7622.00456 18.2851 0.0516 -2627.8915 356.7809 8.31 1073
7622.02394 19.5004 0.2118 2552.0547 444.9589 8.91 1108
7622.05916 18.6864 0.0586 -251.4480 279.1293 5.85 1049
7622.07715 18.2596 0.1101 -2810.2022 759.3115 8.72 1800
7622.08027 19.8712 0.6869 3278.3975 836.5946 8.14 2271
7622.09521 18.6463 0.0635 -451.1046 313.3303 6.32 1449
7625.88220 18.4738 0.0669 -1400.5218 386.4979 8.18 916
7626.01353 18.5007 0.0768 -1242.5138 430.7734 8.52 941
7626.03175 18.6126 0.0559 -625.1608 285.6917 6.02 967
7626.04904 18.4844 0.0491 -1337.9581 282.7994 6.92 950
7626.06574 18.8081 0.0739 312.2290 312.7752 6.35 976
7626.08197 18.5736 0.4844 -832.8845 2121.8289 8.27 500
7626.87154 18.7172 0.0713 -102.5266 328.4095 6.84 952
7626.89285 18.7006 0.0705 -182.0286 329.9353 7.36 957
7626.91334 18.6587 0.0691 -388.5730 335.9215 7.72 883
7626.93160 18.7459 0.0654 31.9594 294.2037 6.89 941
7626.95024 18.6512 0.0589 -426.6435 289.9912 6.52 916
7626.96746 18.6901 0.0612 -233.2249 290.1652 6.68 892
7626.98638 19.0136 0.0958 1131.4041 332.0888 6.99 907
7627.00644 18.5278 0.0513 -1086.9647 283.9755 5.92 843
7627.02917 18.7865 0.0577 216.6110 250.7623 5.89 866
7627.04618 18.6269 0.0435 -550.4783 220.6853 5.23 895
7627.06377 18.8015 0.0637 283.3893 272.5456 6.88 839
7627.07847 18.8590 0.0602 529.9291 244.3865 6.08 874
7627.89128 18.7993 0.0451 273.6175 194.9770 3.36 870
7627.91392 18.8450 0.0439 470.9751 181.9122 4.03 854
7627.95137 18.7244 0.0343 -68.3893 159.4715 3.24 832
7627.97047 18.6754 0.0383 -305.3252 186.0038 4.18 841
7627.98813 18.7766 0.0418 172.1147 184.9042 3.83 881
7628.00566 18.6627 0.0475 -368.7808 232.2854 4.20 916
7628.02328 18.8064 0.0468 304.9047 200.7925 4.19 936
7628.04118 18.7951 0.0530 254.7990 228.9830 5.65 981
7628.05924 18.5886 0.0456 -752.0653 239.0896 4.95 970
7628.06225 18.7394 0.0458 1.9921 209.1667 4.86 971
7628.07889 18.7286 0.0526 -48.5862 241.8788 5.03 945
7628.88263 18.7543 0.0477 70.6178 214.4960 5.04 899
7628.90108 18.6731 0.0493 -317.0373 239.0065 4.46 791
7628.92159 18.4719 0.0897 -1411.8407 513.6098 4.41 693
7628.94048 18.6968 0.0526 -200.8190 248.9523 4.17 827
7628.95882 18.9139 0.0594 753.1579 229.5159 4.82 870
7628.97717 18.7169 0.0401 -103.9200 187.2427 3.41 860
7628.99603 18.7290 0.2005 -46.8120 861.5617 4.10 819
7629.01583 18.8154 0.0417 344.1347 177.8069 3.84 896
7629.03498 18.7447 0.0952 26.4840 422.8332 3.97 824
7629.05447 18.7405 0.0408 7.1059 186.4999 3.55 995
7629.05879 18.7676 0.0481 131.4746 213.5375 3.73 1055
7629.88245 18.6694 0.0423 -335.1495 206.0903 4.81 874
7629.90561 18.7417 0.0502 12.5950 228.2641 5.03 868
7629.93101 18.5928 0.0543 -729.5882 282.5946 4.63 857
7629.94860 18.7957 0.0619 257.6424 266.1809 4.04 889
7629.96668 18.8171 0.0493 351.5106 209.1451 3.59 863
7629.98494 18.6886 0.1653 -240.6278 748.8263 4.55 786
7630.00989 18.5362 0.0641 -1039.9610 350.1134 3.61 882
7630.02842 18.7032 0.0327 -169.7444 155.1556 3.39 777
7630.04716 18.7624 0.0470 108.0029 209.9675 3.58 842
7630.05483 18.7460 0.0522 32.5232 236.3059 4.51 863
7630.07011 18.8693 0.0481 572.5798 194.5383 3.82 872
7634.88922 18.5866 0.0889 -762.8371 457.7845 7.94 851
7634.90882 18.5695 0.0570 -855.4606 302.8802 7.35 1005
7634.92710 18.6936 0.0682 -216.3135 321.2634 7.75 932
7634.94649 18.6288 0.0561 -540.8570 282.0853 6.35 903
7634.96478 18.6572 0.0592 -396.3498 289.6150 6.93 939
7634.98238 18.7485 0.0707 44.1831 316.3194 6.22 849
7635.00116 19.1853 0.1225 1706.4443 358.1248 8.47 967
7635.01829 18.7916 0.0893 239.2961 380.8525 6.84 872
7635.03601 18.7083 0.1132 -144.9707 515.4700 6.06 649
7635.05676 18.7280 0.0606 -51.3395 277.6265 5.85 974
7635.86810 18.5169 0.0664 -1149.4601 368.6190 7.10 1237
7635.88726 18.6426 0.0572 -470.2157 284.1787 5.89 1055
7635.90562 18.6721 0.0706 -321.7435 338.8851 5.97 1039
7635.92370 18.6092 0.0565 -642.6877 289.4394 6.06 996
7635.94694 18.8619 0.0844 542.0078 337.9493 6.47 1050
7635.96435 18.6694 0.0628 -335.2437 303.3904 6.97 1118
7635.98146 18.4050 0.0590 -1823.7867 364.1056 7.40 1069
7635.99889 18.8062 0.0769 303.8230 325.3483 7.89 1017
7636.02188 18.7556 0.0534 77.0400 239.3930 4.88 947
7636.03642 18.8357 0.0607 431.4899 251.6766 4.62 970
7636.05157 18.6935 0.0500 -216.5111 237.3941 5.86 946
7636.87889 18.5834 0.0490 -780.3433 257.7276 6.15 893
7636.89795 18.6253 0.0584 -558.7816 294.6321 5.58 868
7636.91620 18.7936 0.0607 248.5226 261.9158 4.30 835
7636.93414 18.6977 0.0429 -196.4405 203.6914 4.60 834
7636.95192 18.4951 0.0465 -1275.3410 265.8067 5.29 880
7636.97003 18.7723 0.0501 152.7316 221.4916 4.86 887
7636.98828 18.7468 0.0457 36.1353 207.1115 4.60 860
7637.00652 18.6686 0.0422 -339.2677 205.8230 4.61 886
7637.02423 18.7789 0.0421 182.8388 185.8036 3.86 887
7637.03746 18.7705 0.0477 144.6972 211.5258 4.29 930
7637.05562 18.7119 0.0529 -128.0503 246.8775 4.33 964
7637.88088 18.6907 0.0503 -230.3357 239.5654 4.80 920
7637.90011 18.6959 0.0480 -204.9932 227.7884 5.14 932
7637.91737 18.7733 0.0460 157.5059 203.6259 4.29 937
7637.93490 18.6991 0.0399 -189.2844 189.5539 3.93 959
7637.95341 18.6865 0.0497 -250.5848 237.8122 4.01 911
7637.97173 18.7484 0.0535 43.4486 241.5365 4.67 968
7637.98995 18.7324 0.0428 -30.6992 197.0893 4.25 1007
7638.00874 18.7726 0.0393 154.2211 174.3690 3.74 953
7638.02585 18.8480 0.0484 483.6971 199.8452 4.05 938
7638.03327 18.7088 0.0480 -142.7600 224.9451 4.90 944
7638.04793 18.7094 0.0606 -139.9828 282.2269 5.48 1019
7638.87147 18.7540 0.0527 69.5224 236.6302 4.53 1133
7638.89566 18.7223 0.0436 -78.4711 202.3370 4.17 995
7638.91325 18.8635 0.0565 548.3662 228.8737 4.39 962
7638.93627 18.6711 0.0402 -326.7292 196.0555 3.93 963
7638.95326 18.7102 0.0565 -136.3064 263.8473 4.96 962
7638.97113 18.7698 0.0428 141.3961 190.4486 4.01 932
7638.98887 18.6776 0.0449 -294.7164 217.1918 4.49 955
7639.00693 18.9052 0.0472 718.5338 184.6739 3.91 965
7639.02461 18.7477 0.0420 40.2734 190.6942 3.85 982
7639.03353 18.8069 0.0509 306.8109 217.8744 3.93 964
7639.04798 18.5618 0.0581 -897.5459 310.5306 5.13 966
7639.87470 18.0493 0.0955 -4493.5671 804.4228 7.71 194
7639.87566 18.6618 0.1762 -372.9297 814.4607 6.55 186
7639.87654 18.6205 0.1527 -584.1071 740.9051 4.88 187
7639.87748 18.6645 0.1385 -359.5277 649.2953 4.90 189
7639.87905 18.9100 0.2003 737.5712 728.7525 5.08 187
7639.88061 18.8017 0.0555 283.9220 238.2877 5.51 1117
7639.89934 18.7674 0.0642 130.5677 283.1846 4.98 1057
7639.91769 18.8127 0.0482 332.2750 205.5022 4.21 1062
7639.93533 18.7967 0.0589 261.8239 253.5908 5.19 1088
7639.95231 18.5455 0.1485 -987.6643 773.6435 5.05 2386
7639.97242 18.3506 0.1531 -2177.3799 952.1299 4.92 2507
7643.89187 18.8329 0.0968 419.4091 395.9440 6.59 2195
7643.96950 18.7996 0.0845 274.8835 358.3473 7.97 1708
7643.98690 18.6952 0.0731 -208.4687 343.0456 6.67 1775
7644.00845 18.6242 0.0754 -564.5840 377.6302 6.99 1809
7644.01745 18.9896 0.1186 1043.3786 416.0036 6.89 1764
7644.03238 18.6994 0.0730 -188.0171 341.3866 6.30 1912
7654.88048 18.5601 0.0667 -906.6584 355.6266 7.16 999
7654.90017 18.8650 0.0590 554.6357 238.6386 5.38 938
7654.91917 18.5893 0.0438 -748.3872 229.8405 5.24 885
7654.93805 18.8646 0.0533 553.0514 215.8588 5.25 817
7654.95632 18.7252 0.0433 -64.9732 200.6696 4.90 880
7654.97343 18.8325 0.0448 417.6609 187.9719 4.58 872
7654.98519 18.7656 0.0472 122.4695 210.0749 4.08 897
7655.00043 18.6443 0.0423 -461.4818 211.2680 4.66 903
7657.90174 18.2647 0.0647 -2773.2298 453.4676 8.17 1012
7657.91985 18.6676 0.0657 -343.9486 317.6699 6.29 910
7657.93789 18.8384 0.0583 443.1287 241.6524 5.89 943
7657.95575 18.8804 0.0831 618.1001 327.3725 6.49 946
7657.97028 18.8199 0.0717 363.3805 300.1406 6.62 941
7657.98502 18.6354 0.0611 -506.7234 304.8125 6.80 961
7658.91111 19.0355 0.0892 1209.7616 303.9480 7.16 966
7658.93828 18.6596 0.0609 -384.1558 297.3102 6.26 958
7658.96091 18.6773 0.0563 -296.2451 270.8632 5.52 962
7658.97366 18.6067 0.0533 -656.1454 274.0893 6.40 934
7658.98835 18.6827 0.0771 -269.2144 365.5017 7.90 970
7659.89879 18.8614 0.0718 539.6361 289.2697 6.12 978
7659.91588 18.6507 0.0686 -428.9736 336.2297 7.40 989
7659.93531 18.6754 0.0832 -305.3869 396.0748 6.98 978
7659.95278 18.7615 0.0591 103.8731 262.8551 5.47 960
7659.96942 18.7107 0.0649 -133.8419 301.7071 7.51 998
7659.98384 19.1901 0.1198 1721.3629 349.0004 6.92 1006
7660.89656 19.0411 0.2735 1229.8244 853.4926 8.32 1003
7660.94858 18.6431 0.1004 -467.5969 488.4779 8.33 1251
7660.96591 18.7916 0.0891 239.5336 379.8491 8.33 1156
7660.96885 18.9515 0.1089 899.9142 397.3658 8.58 1173
7660.98299 18.4998 0.0697 -1247.7645 392.1359 7.49 1160
7661.88909 18.2843 0.1128 -2633.2317 759.6966 7.27 838
7662.89021 18.7525 0.0520 62.6903 233.7301 4.52 934
7662.90845 18.6860 0.0466 -253.3123 223.3458 4.55 942
7662.92653 18.8111 0.0449 325.4007 191.7655 3.94 953
7662.94453 18.7493 0.0463 48.0203 209.1636 3.69 966
7662.96098 18.6741 0.0446 -311.6980 216.5031 4.10 992
7662.97554 18.7374 0.0596 -7.2828 270.9484 4.67 975
7665.88107 18.6012 0.0608 -685.3195 312.9689 5.41 1136
7665.89917 18.6812 0.0463 -276.7971 222.7711 5.03 1022
7665.92858 18.7508 0.0561 54.9167 252.2887 5.22 1011
7665.94644 19.2603 0.1648 1930.5521 441.2357 7.74 950
7665.95402 18.5188 0.0580 -1138.5789 322.7281 7.10 962
7665.97071 19.0732 0.2179 1341.4341 676.7544 8.17 914
7666.88726 18.5305 0.0576 -1071.9757 317.0785 6.56 1093
7666.90448 18.7165 0.0646 -105.9651 298.5750 6.44 1092
7666.92179 18.6100 0.0632 -638.9729 322.6192 6.13 1051
7666.93991 18.5834 0.0612 -780.2907 320.3580 6.13 1088
7666.95869 18.7033 0.0663 -169.0187 309.9438 7.08 1078
7666.97511 18.6810 0.0545 -277.5767 261.2360 5.65 1050
7667.88867 18.4300 0.0575 -1666.9957 347.2503 7.91 1302
7667.91172 18.7616 0.0615 104.1676 273.2261 5.52 1222
7667.92990 18.8758 0.0891 599.3823 351.7464 5.74 1284
7667.94849 18.8278 0.0619 397.8040 258.7130 5.31 1302
7667.96337 18.5029 0.0468 -1229.8252 265.7259 4.97 1442
7668.89105 18.6855 0.0942 -255.5445 442.1554 6.75 1826
7668.90870 18.7506 0.0876 53.9540 388.1717 6.76 2001
7668.92785 18.9485 0.0804 888.4027 297.8359 5.69 1628
7668.94601 18.7300 0.0745 -42.0592 338.4654 6.04 1639
7668.95607 18.5327 0.0887 -1059.5851 480.4840 5.66 2039
7668.97122 18.7521 0.0852 60.5459 377.6060 5.09 1544
7669.88212 18.7751 0.0818 165.6709 355.2221 6.23 1758
7669.89153 18.6073 0.0728 -653.1292 370.6895 7.39 1533
7669.90924 18.9557 0.1157 916.2283 419.1945 8.37 1811
7669.92659 18.7410 0.0783 9.2035 351.4490 6.14 1641
7669.94398 18.7955 0.0903 256.6009 383.4611 8.54 1819
7669.95871 18.7299 0.0889 -42.5984 401.5497 6.84 1733
7670.90343 18.8176 0.0576 353.5145 243.2598 4.58 1537
7670.92384 18.6945 0.0568 -211.9229 268.6802 4.71 1399
7670.94423 18.8785 0.0848 610.3779 334.5028 5.65 1413
7670.94711 18.6193 0.0613 -589.8552 310.2776 5.64 1456
7670.96454 18.8360 0.0643 432.8584 266.0811 4.91 1406
7672.95656 18.8829 0.1387 628.3198 531.7235 8.26 1662
7674.88356 18.7433 0.0785 20.2177 351.8752 5.45 1800
7674.90406 18.7742 0.0655 161.5011 287.1065 5.53 1405
7674.92225 18.7689 0.0713 137.6622 312.8647 5.94 1488
7674.93599 18.6214 0.0702 -578.9849 353.0611 6.28 1522
7674.95229 18.6398 0.0769 -484.2380 379.4645 6.69 1630
7675.89231 18.6344 0.0577 -512.2865 288.4788 6.00 1490
7675.91074 18.8638 0.0758 549.5849 304.2447 5.16 1469
7675.92844 18.7893 0.0701 229.2663 302.1434 5.94 1478
7675.93130 18.7523 0.0724 61.7337 322.4756 5.50 1467
7675.94643 18.7297 0.0700 -43.7270 318.7208 5.92 1459
7676.87748 18.5894 0.2070 -748.0209 1008.8369 7.34 486
7676.88326 18.6100 0.0704 -638.8083 358.1684 6.10 1889
7676.90116 18.6354 0.0745 -506.6726 369.3203 6.40 1671
7676.91895 18.6523 0.0764 -421.0179 372.5975 6.40 1839
7676.92764 18.8042 0.0776 294.9499 328.9014 6.09 1885
7676.94235 18.7422 0.0757 15.1300 339.7777 6.38 1985
7679.89482 18.9853 0.1199 1027.6571 421.9127 6.79 1305
7679.91159 19.0359 0.0899 1211.2602 306.1840 5.63 1337
7679.91903 18.7153 0.0868 -111.5281 397.6632 6.55 1377
7679.93386 18.6588 0.0827 -388.0809 399.6800 6.41 1440
7680.90290 18.9068 0.1126 725.0260 427.3933 8.76 1248
7680.91210 19.0273 0.1131 1180.6151 383.9421 8.18 1238
7680.92708 18.5355 0.0703 -1043.8265 382.9715 8.82 1287
