7447.22735 18.9528 0.3128 904.7871 1040.7873 7.10 1863
7447.25154 18.7100 0.2534 -137.0536 1082.3868 6.98 1687
7448.27044 18.9463 0.2420 880.0528 835.7024 8.88 1622
7449.21929 18.1450 0.1342 -3687.1409 1017.4171 6.20 2025
7449.24253 18.1343 0.1337 -3773.4554 1023.5912 7.09 1990
7449.26552 18.0799 0.1378 -4227.6176 1107.1205 7.30 2504
7451.21054 18.7007 0.2219 -182.0006 969.4440 7.59 2411
7451.23332 17.6591 0.0766 -8625.5826 932.3533 8.71 2676
7451.28019 18.4908 0.2101 -1300.5163 1119.6391 7.35 2532
7452.19680 18.3556 0.2101 -2144.4427 1267.9913 5.47 1658
7452.24480 18.7235 0.1764 -72.6392 770.2993 8.64 1630
7453.20623 17.9103 0.0921 -5798.3083 883.1114 7.57 1536
7457.27415 18.5407 0.2106 -1014.5512 1071.7462 6.05 1177
7458.17892 18.1889 0.1294 -3340.0830 944.1200 8.32 896
7458.26786 18.6783 0.2246 -290.9429 1000.3353 7.56 1347
7459.19472 18.4525 0.2170 -1528.7905 1194.3776 5.13 1202
7459.21776 18.5429 0.2364 -1002.3755 1186.5225 7.32 755
7460.19199 18.7069 0.2357 -151.8288 1017.5357 6.54 1491
7460.21463 18.4723 0.1842 -1409.4504 1009.7310 6.50 1497
7460.23676 19.1217 0.3139 1504.0740 893.4352 7.69 1431
7460.25870 19.1038 0.2825 1444.8593 828.8023 8.48 1428
7461.23360 18.7978 0.2587 266.7252 1017.0172 7.80 1254
7461.25678 18.6062 0.1873 -658.8574 906.6133 7.76 1239
7462.17958 18.2363 0.1632 -2981.5344 1122.8206 7.42 1530
7462.20125 17.9680 0.0953 -5236.0112 865.4658 8.59 1426
7462.22240 18.8220 0.3034 372.4731 1143.3969 6.32 1427
7462.24390 18.7403 0.2835 6.2081 1162.1743 6.32 1494
7465.17299 18.3670 0.1944 -2069.0228 1169.0441 6.38 1191
7465.19416 18.1592 0.1328 -3573.3247 994.2363 6.94 1207
7465.21835 18.5382 0.2084 -1028.6111 1063.8058 6.99 1232
7465.23945 18.4413 0.1777 -1597.2618 1005.6190 8.86 884
7467.21301 18.8073 0.2212 308.7557 876.2281 8.13 1270
7467.23381 18.7191 0.2346 -93.6201 1002.1469 6.78 1285
7467.25582 19.0339 0.3382 1204.0444 1032.8014 6.54 1297
7467.27795 19.1161 0.3921 1485.5345 1084.4674 6.20 1257
7469.19344 18.7708 0.0719 146.0535 315.0763 7.44 1936
7469.21787 18.8520 0.2881 500.6296 1063.3822 6.52 1849
7469.23926 19.0110 0.3340 1121.8266 1043.5902 6.39 1717
7469.26108 18.7202 0.2497 -88.5716 1058.3318 6.60 1630
7470.16160 18.5658 0.1698 -875.4562 859.6911 7.22 1887
7470.18284 18.3293 0.1388 -2321.1606 886.2929 7.50 1739
7470.20463 19.0932 0.3611 1409.4255 1033.6558 6.78 1726
7470.22598 18.4450 0.2106 -1574.2798 1170.1769 5.46 1596
7470.24752 18.7787 0.3270 181.9897 1269.4269 4.64 1555
7470.26953 18.9302 0.4202 817.3446 1362.6075 3.95 1444
7471.18730 18.6313 0.2887 -528.0984 1305.5401 4.60 2037
7471.20841 18.7030 0.3630 -170.7946 1487.3932 4.24 1870
7471.23244 18.9421 0.4797 863.8703 1499.6041 3.89 1775
7471.25594 18.8252 0.3882 386.6019 1405.7629 4.12 1691
7471.27832 19.0103 0.4964 1119.4066 1447.1384 3.65 1572
7472.15341 18.6435 0.2546 -465.6315 1155.6902 5.62 2107
7472.17437 18.4057 0.1840 -1819.4320 1072.7114 4.88 1961
7472.20036 18.9295 0.3495 814.8640 1169.3193 3.89 1783
7472.22131 18.4877 0.2296 -1318.8355 1216.3482 4.22 1701
7472.24328 18.9537 0.4032 908.5038 1288.8288 3.32 1637
7472.26482 19.3490 0.7067 2176.2087 1381.0456 3.41 2294
7472.28653 19.0385 0.6107 1220.4540 1653.0670 2.86 1694
7473.15756 18.2250 0.1679 -3065.7441 1164.6886 6.34 1866
7473.17983 18.2264 0.1526 -3054.8512 1064.6236 7.13 1778
7473.20123 18.3961 0.2093 -1880.4969 1217.5106 6.01 1665
7473.22308 18.6486 0.2946 -439.8227 1307.7220 4.82 1674
7473.24548 18.6557 0.3212 -403.5942 1399.8515 4.97 1702
7473.26837 18.8725 0.4148 585.7742 1421.5612 4.70 1735
7473.28936 18.4688 0.2485 -1430.3248 1328.1388 4.99 1745
7474.14903 18.1913 0.1336 -3321.6816 970.8326 7.72 2169
7474.17059 18.1677 0.1381 -3505.9941 1023.5464 7.53 2000
7474.19169 18.2553 0.1615 -2841.7296 1092.5453 7.23 1924
7474.21276 18.2443 0.1799 -2922.4577 1219.1706 6.41 1883
7474.26084 18.4012 0.2615 -1848.0232 1479.2590 4.90 1737
7474.28204 18.4172 0.2260 -1746.4642 1279.7962 4.64 1999
7475.13488 18.2034 0.1584 -3228.8765 1125.9109 6.31 1994
7475.15677 18.1470 0.1539 -3670.9499 1154.5572 6.32 1944
7475.17936 18.4557 0.2671 -1509.1403 1433.1423 5.27 1841
7475.20111 18.7437 0.3297 22.0879 1320.3083 4.51 1746
7475.22257 18.8297 0.3837 405.6243 1386.4859 3.97 1718
7475.24417 19.0728 0.4962 1340.1018 1365.6041 3.92 1728
7475.26618 19.2217 0.5590 1817.0693 1306.1568 3.43 1798
7475.28779 19.2533 0.5544 1910.1255 1260.7092 3.28 1802
7476.13576 18.0377 0.1211 -4595.8054 1019.2526 7.08 2811
7476.15785 18.0897 0.1322 -4144.1959 1055.5838 6.99 2811
7476.17885 18.2629 0.1632 -2786.6455 1095.5387 5.66 2433
7476.19934 18.4893 0.2323 -1309.2451 1227.2202 4.88 2276
7476.22273 18.4318 0.2075 -1655.9667 1168.9149 5.87 2600
7479.14287 18.8325 0.0595 417.6021 247.6517 5.48 1955
7479.16448 18.6734 0.0460 -315.1491 223.0265 4.64 1996
7479.18602 18.7854 0.0465 211.6240 203.4198 3.87 1955
7479.20877 18.7649 0.0431 119.5261 192.4705 3.80 2037
7479.23087 18.6404 0.0421 -481.2138 210.7045 4.14 1966
7479.25224 18.6566 0.0392 -399.2820 193.8417 3.84 1969
7479.27593 18.8153 0.0469 343.5174 199.5366 3.97 2002
7480.13099 18.6346 0.0962 -511.1938 472.7876 6.85 1521
7480.15370 18.7235 0.0613 -72.5882 282.0598 5.85 1547
7480.17583 18.7198 0.0714 -90.3691 327.9313 4.57 1067
7480.19450 18.7905 0.0428 234.3432 186.6876 4.39 1004
7480.21452 18.7322 0.0392 -31.8033 180.8330 4.07 996
7480.23377 18.7351 0.0552 -18.2984 252.0096 3.94 937
7480.25090 18.7712 0.0395 148.0455 175.6019 3.22 933
7480.26965 18.7247 0.0414 -67.2565 192.0732 3.53 935
7480.29259 18.7134 0.0434 -120.7124 203.2913 3.55 914
7481.12904 18.8031 0.0553 290.2846 237.0772 6.36 1043
7481.14863 18.8082 0.0604 312.6216 257.1950 6.65 1095
7481.18879 18.7848 0.0503 208.9468 219.5543 5.42 1049
7481.20882 18.7594 0.0662 94.0465 293.7069 7.96 1077
7483.15620 18.9080 0.0577 729.6261 224.3713 5.99 909
7483.17581 18.7444 0.0500 25.3175 226.8826 5.83 869
7483.19954 18.7522 0.0449 60.9957 202.7900 5.48 863
7483.21834 19.1604 0.0843 1628.6266 256.6317 5.47 972
7483.21994 18.6372 0.0459 -497.8724 229.9873 5.30 871
7483.24244 18.6659 0.0566 -352.6727 274.9924 6.17 903
7483.26275 18.7620 0.0535 106.2068 238.4067 6.16 975
7483.28432 18.6692 0.0765 -335.9509 367.2373 6.01 999
7484.12164 18.8547 0.0543 511.8032 221.9596 5.44 975
7484.14046 18.6633 0.0447 -365.7714 218.7371 5.43 948
7484.15879 18.9222 0.0709 786.0415 270.4534 6.95 961
7484.17728 18.4923 0.0712 -1291.5021 403.5718 8.87 965
7484.19576 18.8011 0.0654 281.5137 279.5303 7.08 908
7484.21498 18.5485 0.0599 -971.2164 323.7744 7.82 969
7484.23604 18.8451 0.0551 471.4408 227.0113 5.90 931
7484.25509 18.6486 0.0505 -439.5149 250.0379 6.23 894
7484.27405 18.6414 0.0665 -475.9954 329.0301 7.28 980
7484.29610 18.6252 0.0503 -559.7202 254.6765 5.77 849
7485.10698 18.7049 0.0622 -161.6829 291.0992 6.55 962
7485.13136 19.0327 0.1233 1199.8314 414.7215 6.73 951
7485.15373 19.0163 0.0706 1141.2704 246.7558 6.73 950
7485.17238 18.7967 0.0485 262.2576 209.6448 4.82 847
7485.19050 18.7888 0.0375 226.9911 164.2710 4.04 841
7485.20878 18.7523 0.0495 61.8543 222.7444 4.26 895
7485.22800 18.7463 0.0488 33.9638 221.1757 3.62 857
7485.24647 18.8166 0.0566 349.1050 239.5830 4.04 941
7485.26522 18.6484 0.0395 -440.4208 196.6193 4.44 929
7485.28499 18.7310 0.0379 -37.2487 175.1077 3.47 892
7486.15651 17.9145 1.0782 -5756.6746 6811.4411 5.86 754
7487.11863 18.6008 0.0998 -687.1619 504.9211 7.60 803
7487.13050 18.8667 0.0506 561.7708 205.0505 5.37 936
7487.14245 18.6358 0.0405 -504.9177 203.8815 4.68 932
7487.15468 18.7220 0.0423 -79.9079 196.3069 4.41 912
7487.16678 18.8892 0.0706 654.2740 277.6859 4.23 791
7487.17853 18.3301 0.2496 -2315.4897 1515.4828 5.42 600
7487.24393 18.8482 0.0441 484.2622 182.0655 4.13 905
7487.25667 18.7250 0.0332 -65.6840 154.4968 3.49 908
7487.26972 18.7451 0.0747 28.1985 334.8367 4.00 937
7487.28435 18.7254 0.1086 -63.8701 487.9235 4.31 891
7488.09966 18.5451 0.0441 -990.0357 240.8211 5.11 957
7488.10114 19.0166 0.1073 1142.3540 368.9389 5.38 886
7488.11845 19.1668 0.8299 1648.8382 1824.3500 7.58 696
7488.12040 18.8239 0.0835 380.7082 346.6184 5.86 975
7488.13899 18.7098 0.0849 -137.8391 391.1356 5.28 823
7488.15801 18.7185 0.0606 -96.6095 280.2488 3.77 964
7488.17856 18.4886 0.2144 -1313.3708 1142.3989 5.46 710
7488.19756 19.1559 1.0768 1614.4396 2169.3831 6.58 729
7488.23768 18.8464 0.0477 476.9745 196.9539 3.48 959
7488.25824 18.8075 0.0357 309.5375 153.8415 3.34 855
7488.27922 18.8499 0.1916 491.7452 739.6587 6.12 704
7489.15012 18.7408 0.0743 8.5627 334.3391 6.38 1004
7489.17014 19.9127 0.4133 3345.3164 543.7319 8.85 998
7489.18978 18.4386 0.1030 -1613.8643 604.1970 7.53 966
7489.25062 18.8071 0.0900 307.7185 378.3027 5.61 976
7489.26928 18.6528 0.0728 -418.2130 355.5626 5.45 1003
7489.29233 18.5459 0.0507 -985.4955 275.8457 6.94 974
7490.20321 18.5903 0.0540 -742.8690 281.6941 8.71 1050
7490.22572 18.7671 0.0500 129.4849 222.0107 6.09 900
7490.24466 18.7226 0.0494 -76.9684 228.4445 6.53 913
7490.26377 18.8665 0.0525 561.0499 212.5793 5.34 931
7492.16415 18.8833 0.0722 630.2622 285.1670 7.30 1023
7492.18167 18.6176 0.0478 -598.7943 243.9673 6.87 972
7492.20155 18.7675 0.0671 131.2430 295.3817 8.12 987
7492.21935 18.7120 0.0624 -127.6323 289.8895 6.62 946
7492.23800 18.7687 0.0581 136.7258 256.8673 6.68 950
7492.25546 18.7193 0.0521 -92.7334 241.7367 5.85 950
7492.27832 19.0073 0.0670 1108.3542 236.6599 5.79 826
7493.11245 18.6672 0.1106 -346.1019 523.6527 8.82 1070
7493.13227 18.5591 0.0678 -912.3628 361.7351 7.89 904
7493.16902 18.9214 0.0722 782.9769 275.4566 6.31 969
7493.18695 18.7627 0.0483 109.3184 215.6330 4.87 935
7493.20521 18.8209 0.0439 367.6774 186.1317 4.39 929
7493.22340 18.8208 0.0470 367.2552 199.0902 4.65 917
7493.24202 18.8300 0.0584 407.0039 243.7024 3.98 892
7493.26160 18.7412 0.1085 10.1233 480.3759 4.67 799
7493.28269 18.6138 0.0490 -618.9997 250.8778 5.41 830
7494.09593 18.8931 0.0911 669.7378 353.5968 5.17 1404
7494.11362 18.8335 0.1093 421.8186 444.5678 4.84 1129
7494.13300 18.8752 0.0694 596.7538 276.5023 4.28 995
7494.15160 18.8092 0.0518 316.8526 221.1634 4.40 984
7494.16923 18.8330 0.0598 419.7689 248.9484 4.38 971
7494.18761 18.7968 0.0536 262.4200 231.1397 4.52 944
7494.20951 18.7920 0.0959 241.4054 407.7802 4.64 910
7494.22798 18.6995 0.0964 -187.7368 445.9918 4.03 871
7494.24770 18.8620 0.2119 542.2559 801.4544 5.86 759
7494.27053 18.7098 0.1117 -138.1546 508.6713 5.21 677
7494.27190 19.0065 0.2050 1105.5796 680.9202 6.07 607
7494.29155 18.5478 0.1245 -974.9600 654.1083 6.37 754
7495.08178 18.1990 0.4113 -3262.0287 2625.0326 6.48 2171
7497.08474 19.1438 0.1114 1575.5699 340.0351 7.67 1438
7497.10492 18.6091 0.0550 -643.5398 281.9367 6.53 1294
7497.12497 18.6431 0.0465 -467.4362 231.8508 5.32 1249
7497.18922 18.7402 0.0534 5.5673 242.6833 5.79 1161
7497.20788 18.7493 0.0482 47.9415 217.6705 4.97 1067
7498.07170 18.6802 0.0596 -281.5268 285.6456 6.96 1521
7498.07324 18.6160 0.0610 -607.3844 309.7711 6.57 1496
7498.08988 18.6354 0.0487 -506.6697 244.3091 5.54 1400
7498.10828 18.7520 0.0489 60.0399 220.4231 4.96 1340
7498.12760 18.8464 0.0536 476.6878 220.9893 4.86 1290
7498.14721 18.8617 0.0525 541.0577 213.6303 4.80 1259
7498.16701 18.8858 0.0519 640.2535 206.3566 4.67 1198
7498.18889 18.5842 0.0436 -775.6449 229.8766 5.80 1165
7498.21019 18.7115 0.0439 -129.9221 205.8949 4.86 1143
7498.23063 18.6969 0.0457 -200.0958 217.1011 5.05 1104
7498.27842 18.6917 0.0431 -225.2502 205.7731 5.63 959
7498.30035 18.8297 0.0513 405.7119 215.0761 5.84 1013
7499.06946 18.7645 0.0547 117.4092 242.9604 4.98 1561
7499.07097 18.6682 0.0500 -341.3361 243.1129 5.47 1584
7499.07230 18.8158 0.0567 345.6864 240.1905 5.11 1537
7499.08933 18.7730 0.0585 156.0589 257.2334 5.74 1465
7499.10715 18.7114 0.0577 -130.2458 268.9715 6.23 1389
7499.12666 18.9444 0.0680 872.7717 254.5492 6.46 1370
7499.14606 18.7525 0.0548 62.3332 246.3040 5.99 1288
7499.16424 18.7018 0.0531 -176.4774 249.8700 6.45 1284
7499.18146 18.8830 0.0633 628.6894 251.1823 5.21 1188
7499.19988 18.7030 0.0542 -170.7668 254.8959 6.66 1161
7499.21978 18.6862 0.0498 -252.5066 238.0681 6.16 1155
7499.23855 18.7902 0.0513 233.1202 222.9387 5.12 1085
7499.26381 18.6756 0.0450 -304.5167 217.9886 5.14 1039
7499.28611 18.7272 0.0417 -55.2568 192.8358 4.49 1040
7500.08519 18.8786 0.0676 611.0465 268.7807 5.97 1824
7500.10357 18.7974 0.0616 264.9941 264.5620 5.96 1722
7500.12123 19.2011 0.1017 1754.9583 295.6957 6.94 1625
7500.14058 18.8578 0.0705 524.6081 285.3804 5.79 1553
7500.16378 18.7866 0.0500 217.2015 218.2032 4.45 1512
7500.18139 18.8615 0.0539 540.1958 218.9424 4.64 1459
7500.19854 18.7814 0.0511 193.8456 223.9774 4.55 1438
7500.21660 18.8165 0.0504 348.7488 213.8412 3.80 1373
7500.23736 18.7697 0.0556 140.9562 245.7745 4.07 1282
7500.26020 18.8105 0.0607 322.8444 257.9153 3.56 1282
7500.27986 18.7862 0.0400 215.5670 175.4017 3.30 1388
7500.29837 18.7154 0.0466 -111.3524 217.4737 3.53 1496
7501.06798 18.7876 0.1217 221.7556 513.1767 8.59 2411
7501.12211 18.8971 0.0883 686.1770 341.8594 8.17 1995
7501.18008 19.1164 0.1297 1486.4969 402.7228 8.79 1700
7501.19944 18.5093 0.0553 -1192.8114 310.8381 7.87 1611
7501.23781 19.0695 0.1151 1328.7136 375.4844 8.89 2325
7501.25835 18.8283 0.0681 399.5531 283.4284 6.65 1478
7501.27867 18.7437 0.0658 21.9623 296.2429 5.55 1694
7501.29796 18.8438 0.0711 465.7376 291.5981 7.13 1587
7507.05307 18.6696 0.0518 -334.2190 251.2274 5.66 1597
7507.06735 19.0351 0.1263 1208.3696 423.4265 8.92 2822
7507.07913 18.8710 0.0998 579.4201 393.5825 6.77 2255
7507.09026 18.7491 0.0494 46.9886 222.8934 4.73 1478
7507.18707 18.5532 0.0941 -944.8470 498.7976 8.49 2979
7507.19895 18.7005 0.0531 -182.9824 250.2724 5.61 1466
7507.21416 19.0087 0.1327 1113.4285 454.3033 8.35 2557
7507.24446 18.7757 0.0915 168.2345 395.7202 8.96 1764
7507.25807 18.7360 0.0737 -13.8398 333.1804 8.18 1557
7508.09101 19.4406 0.7082 2409.7191 1271.2003 8.06 1709
7512.11776 18.6855 0.0640 -255.5954 304.4706 6.18 1036
7512.12946 18.6163 0.0506 -605.5417 258.3532 6.63 1024
7512.14141 18.9528 0.0800 904.7774 295.3939 5.60 1008
7512.15289 18.7307 0.0537 -38.6364 246.1214 6.12 1010
7512.16704 18.5172 0.0469 -1147.5609 262.8095 6.36 992
7512.17873 18.7508 0.0557 54.8730 250.4422 6.92 1036
7512.19028 18.7373 0.0506 -7.8197 231.0183 6.19 1039
7512.20129 18.6502 0.0471 -431.7201 233.2419 5.66 1031
7512.21304 18.8542 0.0577 509.6882 235.4713 6.07 1072
7512.22553 18.8539 0.0606 508.5804 247.1030 5.87 1041
7512.23667 18.7796 0.0612 185.8354 267.4378 6.36 1083
7512.25426 18.9168 0.0597 764.8072 229.9346 6.18 1121
7512.26562 18.8379 0.0584 440.8170 242.1043 6.11 1130
7512.27771 18.6699 0.0524 -332.7115 254.1309 6.33 1209
7512.28896 18.6858 0.0497 -254.1545 237.7866 5.68 1181
7512.30027 18.5770 0.0498 -814.5186 263.3300 6.95 1157
7513.03601 18.7618 0.0613 105.0440 271.9523 6.85 1300
7513.04898 18.7802 0.0618 188.5378 269.6276 6.37 1313
7513.06172 18.7087 0.0483 -143.2816 226.3937 4.97 1214
7513.07520 18.7379 0.0439 -5.0245 201.0148 4.64 1087
7513.08730 18.7395 0.0427 2.5141 195.3223 4.50 1006
7513.09976 18.7655 0.0474 122.0696 210.9363 4.72 979
7513.11257 18.7651 0.0438 120.0731 195.2638 4.45 980
7513.12611 18.7904 0.0446 234.2787 194.3058 4.05 1068
7513.13849 18.7661 0.0411 124.9585 183.2843 3.97 1039
7513.15202 18.7974 0.0534 265.1596 230.0728 4.28 1033
7513.16454 18.7692 0.0402 139.0423 178.9777 3.83 1027
7513.17665 18.6759 0.0566 -302.8267 272.7631 3.73 997
7513.18964 18.6749 0.0366 -308.0987 177.9398 4.02 987
7513.20418 18.7904 0.0416 234.0652 181.4212 4.03 980
7513.21783 18.7933 0.0516 246.8524 223.5564 5.38 1004
7513.23308 18.8548 0.0872 512.1694 351.2635 3.94 1044
7513.24579 18.7749 0.0382 164.7495 169.4659 3.60 1048
7513.26038 18.7661 0.0403 124.6791 179.9717 3.95 1086
7513.27681 18.7737 0.0415 159.4462 183.7031 4.00 1073
7513.28927 18.7604 0.0394 98.9053 177.0325 3.84 1022
7513.30171 18.7233 0.0380 -73.8030 176.8871 3.92 1083
7514.03359 18.9674 0.0721 960.6741 263.6178 6.06 1371
7514.04542 18.7602 0.0680 97.9746 301.5910 5.97 1198
7514.05769 18.8600 0.0939 533.7420 375.2344 5.62 1153
7514.07151 18.6442 0.0442 -461.8109 220.2229 5.42 1116
7514.08330 18.6613 0.0427 -375.3827 209.6311 4.96 1090
7514.09535 18.6661 0.0513 -351.6960 249.8627 4.34 1045
7514.10717 18.6594 0.2031 -384.9519 929.3414 5.89 1000
7514.11883 18.7636 0.0594 113.2028 263.3240 4.75 1062
7514.13050 18.7368 0.0694 -10.1321 313.9531 4.61 1110
7514.14213 19.1562 0.5659 1615.1916 1400.4811 6.31 961
7514.15393 18.9044 0.1266 715.2295 478.5812 5.20 1043
7514.16576 18.8765 0.0452 602.4002 182.0660 3.48 1057
7514.17736 18.7870 0.0556 219.1504 241.9870 3.33 1028
7514.18878 18.7887 0.0855 226.3283 366.2292 3.33 971
7514.20022 18.8254 0.0817 387.2259 339.0704 3.21 965
7514.21188 18.6577 0.4841 -393.8176 1962.8729 5.27 678
7514.22378 19.2925 0.9689 2022.1568 1795.0816 5.35 673
7514.23603 19.1217 0.3915 1503.8959 1077.4980 4.82 931
7514.24953 18.8281 0.0384 398.6840 162.1254 3.51 954
7514.26176 18.7410 0.0675 9.4521 304.5592 3.73 1004
7514.28469 18.6658 0.1916 -352.9606 876.3052 4.02 999
7514.29625 18.7211 0.0416 -84.3565 193.4989 3.60 1042
7514.30778 18.7567 0.1755 81.6553 743.5136 3.70 999
7514.31903 18.7783 0.0449 179.9853 197.6884 3.49 1110
7515.03130 18.6688 0.0502 -338.2181 244.1968 6.52 1291
7515.05088 18.6609 0.0487 -377.5436 238.8693 5.84 1215
7515.06227 18.7039 0.0519 -166.2767 243.9658 6.00 1261
7515.07411 18.7072 0.0455 -150.2907 213.7605 4.87 1173
7515.08587 18.6676 0.0442 -344.0744 215.7403 4.97 1188
7515.10062 18.6679 0.0504 -342.8913 245.2432 6.39 1146
7515.11374 18.8111 0.0486 325.0979 207.5038 4.25 1146
7515.12657 18.6422 0.0529 -471.9906 263.1830 5.30 1000
7515.13857 18.6259 0.0544 -556.0264 274.3710 5.40 1042
7515.15222 18.7455 0.0408 30.1167 185.7147 4.14 1018
7515.16447 18.7109 0.0454 -132.8715 212.9749 3.73 1084
7515.17583 18.7069 0.0420 -151.9020 197.8462 3.92 1077
7515.18779 18.7832 0.0417 202.0187 182.9710 3.85 1086
7515.20064 18.7429 0.0411 18.2164 187.2205 3.97 1068
7515.21585 18.7611 0.0419 102.2116 187.6042 3.99 917
7515.23368 18.7987 0.0433 270.9406 187.4082 4.23 1031
7515.24591 18.6961 0.0409 -203.9782 194.7857 3.98 1077
7515.25833 18.7971 0.0471 263.9024 203.6662 4.09 1080
7515.26981 18.7627 0.0436 109.2325 194.8940 4.26 1116
7515.28158 18.7422 0.0394 14.7019 179.9337 3.50 1133
7515.29360 18.7312 0.0991 -36.2840 444.7019 4.65 1238
7515.30529 18.4877 0.1258 -1318.4055 698.3651 7.36 1214
7516.12884 18.6639 0.3285 -362.7792 1416.5323 6.88 868
7516.14069 18.4962 0.6198 -1268.9998 2754.2344 7.73 768
7516.15284 19.0456 1.1057 1245.6566 2438.5576 8.99 789
7516.16947 18.7054 0.2167 -159.2515 944.8080 6.68 882
7516.18132 19.0505 0.6784 1262.6793 1765.6773 5.69 807
7520.09974 19.4571 0.2173 2449.7487 473.8932 8.98 999
7520.11132 18.8836 0.0699 631.2991 276.2222 8.40 1084
7520.13438 18.7152 0.0789 -111.9941 362.6348 8.07 1061
7520.14620 18.7909 0.0691 236.2600 297.4307 8.79 1174
7520.15770 18.7981 0.0584 268.3311 251.0960 6.73 1101
7520.17006 18.6873 0.0540 -246.7440 257.5624 6.89 1101
7520.18179 18.5579 0.0621 -918.7937 332.3729 8.76 1095
7520.27974 18.4979 0.0683 -1258.6998 385.5633 7.40 1160
7520.30311 18.7608 0.0796 100.6627 350.6129 7.32 1134
7520.31498 18.8415 0.0675 456.2829 277.6150 7.30 1170
7522.01962 18.7186 0.0515 -96.0133 238.9254 5.90 1209
7522.03119 18.9083 0.0733 731.0754 282.8876 6.89 1196
7522.04304 18.9344 0.0678 833.8018 255.9114 6.87 1179
7522.05490 18.7569 0.0647 82.9454 288.2158 7.04 1086
7522.06491 18.7192 0.0550 -93.2552 254.6454 6.14 1079
7522.07662 18.9132 0.0984 750.4183 373.7626 7.69 1107
7522.08967 18.5746 0.0587 -827.6842 310.1406 7.87 1022
7522.10146 18.7858 0.0629 213.8097 272.8124 7.15 1072
7522.11398 18.7893 0.0479 229.2199 208.4062 4.27 1015
7522.12650 18.7147 0.0478 -114.6476 222.8607 5.07 1128
7522.13866 18.8907 0.0618 660.0834 243.6633 6.44 1032
7522.15061 18.7182 0.0433 -98.1473 201.8220 5.07 986
7522.16222 18.6276 0.0474 -547.1838 239.6439 5.76 1029
7522.17404 18.9207 0.0808 780.2841 307.0370 7.14 1038
7522.19625 18.6778 0.0593 -293.7791 284.8960 6.18 947
7522.20855 18.7340 0.0628 -23.4085 285.7445 6.03 1039
7522.22083 18.8112 0.0671 325.8278 283.8140 6.80 1099
7522.23270 18.7456 0.0608 30.8715 274.2590 6.30 1086
7522.24443 18.6415 0.0448 -475.4788 223.6702 4.80 1095
7522.26085 18.7148 0.0437 -114.1367 204.4485 4.08 1082
7522.27432 18.8087 0.0517 314.7421 220.9701 4.33 1124
7522.28572 18.7336 0.0765 -25.4573 346.3871 4.54 1223
7522.29734 18.6074 0.0495 -652.4704 254.6260 6.20 1239
7522.30909 18.6439 0.0538 -463.2622 267.0321 6.08 1268
7523.01030 18.7282 0.0421 -50.7757 194.6977 4.63 1195
7523.02710 18.6854 0.0560 -256.1917 267.3766 6.28 1195
7523.03958 18.6487 0.0510 -439.1260 252.2506 6.25 1124
7523.05267 18.7580 0.0815 87.8922 359.9485 8.78 1140
7523.06451 18.6288 0.0436 -541.0494 220.5042 4.08 1049
7523.07710 18.7614 0.0592 103.2504 263.1960 3.41 1026
7523.08930 18.7910 0.0447 236.9595 194.6395 3.38 1033
7523.10230 18.7448 0.0326 26.8604 149.1722 3.09 994
7523.11705 18.7360 0.0333 -14.1825 153.2464 3.12 1016
7523.16116 18.7043 0.0339 -164.5216 160.5643 3.31 1082
7523.17887 18.6664 0.0344 -350.2428 168.7823 3.58 1103
7523.19249 18.7707 0.0580 145.8785 255.9324 6.44 1094
7523.20698 18.7259 0.0637 -61.4511 291.8306 3.75 1074
7523.21921 18.8291 0.0425 403.2876 178.7598 3.92 1099
7523.23166 18.8345 0.0502 426.4333 209.6225 4.95 1080
7523.24446 18.7733 0.0393 157.6362 174.1698 3.80 1071
7523.25758 18.7761 0.0390 170.2196 172.6441 3.70 1064
7523.26945 18.7143 0.0391 -116.4066 182.9938 3.67 1073
7523.28180 18.7219 0.0493 -80.4095 228.4649 4.24 1119
7523.29375 18.9247 0.0852 795.8182 322.0074 5.71 1080
7523.30606 18.6918 0.0375 -225.0715 179.4631 3.92 1071
7527.07230 19.1097 0.1337 1464.5131 416.8532 8.94 1445
7527.08400 18.6570 0.0796 -397.4211 386.1279 8.13 1430
7527.09567 18.6478 0.0683 -443.4861 335.5196 8.10 1457
7527.10832 18.7234 0.0697 -73.0470 319.2084 7.82 1374
7527.12172 19.3688 0.2206 2228.3465 521.2546 7.77 1344
7527.13363 18.8747 0.0859 594.7507 339.9205 7.36 1319
7527.14493 18.7177 0.0715 -100.4159 329.0546 7.43 1290
7527.15655 18.4421 0.0550 -1592.0361 328.9189 8.00 1335
7527.16823 18.8842 0.0659 633.8414 260.9512 6.61 1286
7527.17944 18.9235 0.0874 791.2045 330.5666 7.90 1231
7527.19089 18.7941 0.0661 250.4417 284.0407 7.44 1253
7527.20243 18.8660 0.0749 558.9677 300.3110 7.49 1347
7527.21410 18.8782 0.0850 609.0333 335.5652 8.61 1336
7527.22619 18.4814 0.0927 -1355.6559 525.4584 8.17 1340
7527.23749 18.7388 0.0780 -0.7516 350.8141 8.01 1281
7527.24878 18.8559 0.0572 516.9246 233.3414 5.46 1288
7527.26070 18.5712 0.0546 -846.2419 289.5726 7.02 1271
7527.27297 18.8849 0.0532 636.5846 211.6654 5.29 1069
7527.28499 18.8360 0.0590 432.5407 244.8571 6.19 1223
7527.29678 18.7562 0.0529 79.7915 236.8238 5.70 1282
7527.30936 18.6673 0.0570 -345.7124 276.8356 6.73 1272
7528.00332 18.8816 0.0835 622.9816 328.7428 7.54 1809
7528.01597 18.7036 0.0664 -167.6829 310.0915 7.31 1743
7528.02756 18.7668 0.0688 127.9353 303.2024 7.25 1710
7528.03913 18.9528 0.0808 905.0462 298.1717 6.68 1606
7528.05052 18.6854 0.0683 -255.9801 324.4203 7.53 1574
7528.06194 18.3866 0.0530 -1941.2196 333.6958 8.01 1528
7528.07353 19.0244 0.1058 1170.2269 361.4481 7.29 1533
7528.08523 18.8342 0.0727 425.2250 300.4906 7.21 1480
7528.09692 18.5136 0.0516 -1168.3692 288.9816 7.72 1489
7528.12031 18.7894 0.0768 229.4410 330.1295 8.70 1503
7528.12545 18.6814 0.0644 -275.8947 307.4652 8.09 1420
7528.13662 18.7065 0.0764 -153.9074 354.5547 8.67 1417
7528.14833 19.2730 0.1097 1966.8478 297.5482 8.23 1385
7528.19449 18.7682 0.0623 134.5424 274.7269 6.74 1447
7528.24139 18.7490 0.0683 46.4203 306.0426 8.18 1433
7528.26467 19.1416 0.1123 1568.6911 343.2736 8.08 1448
7528.30015 18.5786 0.0567 -806.1974 298.3837 8.03 1236
7529.06809 18.6073 0.0492 -652.9033 253.0672 4.99 1854
7529.07958 18.8400 0.0846 449.5763 346.0148 5.38 2133
7529.09108 18.8222 0.0613 373.3021 257.5347 4.64 2019
7529.10278 18.8207 0.0531 366.9076 224.0327 4.65 1630
7529.27060 18.8421 0.0623 458.5263 256.7826 5.06 1788
7537.96905 18.8753 0.0908 597.1346 358.3390 7.85 1041
7537.98078 18.9296 0.0997 815.2686 372.6062 7.43 1031
7537.99287 18.6997 0.0640 -186.6221 300.6697 7.81 1003
7538.00583 18.8204 0.0636 365.6503 267.1706 6.70 1073
7538.01785 18.8675 0.0711 565.2055 285.1384 6.53 1009
7538.02929 18.6681 0.0809 -341.4021 388.0246 5.76 900
7538.04107 18.8749 0.0652 595.6203 260.4219 6.13 961
7538.05325 18.6228 0.0504 -571.9830 255.4945 7.24 957
7538.06542 19.1785 0.0880 1685.2956 262.8296 6.85 947
7538.07736 18.6916 0.0476 -225.9164 226.7715 5.39 913
7538.08886 18.9214 0.0542 783.1237 208.3367 5.55 936
7538.10025 18.7274 0.0493 -54.1477 227.1362 4.65 954
7538.12824 18.8406 0.0506 452.1480 209.9817 5.17 1042
7538.13998 18.7815 0.0423 194.4352 186.1231 4.29 1027
7538.15128 18.7737 0.0479 159.4350 211.6499 3.99 921
7538.16313 18.6414 0.0381 -476.1665 191.2019 4.70 1024
7538.17512 18.6412 0.0383 -476.9765 192.0585 4.45 998
7538.18678 18.7835 0.0436 203.5098 191.2534 4.63 1005
7538.19866 18.8672 0.0502 563.9634 203.2711 5.20 990
7538.21068 18.7513 0.0425 57.2517 192.1207 4.74 994
7538.22256 18.6928 0.0462 -219.9175 220.0351 4.41 1031
7538.23413 18.7565 0.0437 80.9306 196.3620 4.59 1052
7538.25043 18.6626 0.0399 -368.9843 196.0946 4.79 1052
7538.26178 18.8087 0.0450 314.8761 192.9648 4.41 1136
7538.27365 18.7966 0.0556 261.4913 239.8878 5.78 1179
7538.28529 18.6417 0.0421 -474.9047 210.7893 5.30 1215
7538.29693 18.7529 0.0521 64.3984 234.0130 5.67 1284
7538.30835 18.7567 0.0560 81.8513 250.4571 6.43 1304
7538.31744 18.5900 0.0509 -744.9390 265.7728 6.47 1383
7538.96668 18.8198 0.0604 363.0492 254.2757 6.57 964
7538.97983 19.1313 0.0924 1535.3744 287.7184 7.86 998
7538.99161 18.4636 0.0596 -1461.9266 348.2584 7.86 1014
7539.00308 18.5490 0.0519 -968.1988 281.4133 7.32 960
7539.01473 18.9450 0.0755 875.0235 281.4399 7.33 956
7539.02641 18.7590 0.0658 92.3658 292.1973 7.59 948
7539.03831 18.5261 0.0530 -1096.6990 293.5587 6.96 936
7539.05031 18.8074 0.0615 309.0665 261.8594 7.68 982
7539.06183 18.7801 0.0510 188.2935 223.7338 6.13 928
7539.07375 18.6342 0.0505 -512.9718 253.5857 5.87 938
7539.08633 18.7909 0.0477 236.2409 207.6392 5.19 974
7539.09812 18.6266 0.0399 -552.3483 202.7829 4.98 979
7539.11695 18.7377 0.0479 -5.9605 218.8654 4.85 998
7539.12977 18.7146 0.0436 -115.0821 203.8753 4.93 964
7539.14271 18.8591 0.0614 530.1996 249.1971 5.53 811
7539.15590 18.6582 0.0449 -391.0959 220.9347 5.86 1001
7539.16826 18.6916 0.0485 -225.9229 230.9300 6.17 1002
7539.17993 18.7506 0.0505 54.0327 227.7992 6.13 994
7539.19336 18.7909 0.0530 236.4359 229.7930 6.03 968
7539.20929 18.6780 0.0458 -292.7253 221.3923 5.81 980
7539.22129 18.6118 0.0489 -629.2702 250.5007 6.22 983
7539.23311 18.7365 0.0465 -11.6400 212.6401 5.47 1005
7539.24931 18.7286 0.0552 -48.8326 253.3802 6.06 991
7539.26183 18.7906 0.0525 234.8144 228.0223 6.02 991
7539.27428 18.8269 0.0698 393.5521 290.8302 6.81 1034
7539.98045 18.7191 0.0525 -93.8088 243.6341 5.50 997
7539.99221 18.7372 0.0732 -8.1772 330.8258 5.88 986
7540.00369 18.7185 0.0433 -96.3119 201.9056 5.00 952
7540.01613 18.7811 0.0417 192.3923 183.5119 4.40 893
7540.02867 18.8293 0.0431 404.0875 181.1982 4.43 883
7540.03986 18.7051 0.0365 -160.3715 172.6272 4.11 889
7540.05229 18.7113 0.0364 -130.6343 171.2033 4.07 870
7540.06377 18.7825 0.0380 198.9326 167.3182 3.99 903
7540.07565 18.7536 0.0391 67.6579 176.7325 4.28 890
7540.08767 18.7181 0.0397 -98.2271 185.1163 4.49 921
7540.10090 18.7725 0.0382 153.7962 169.5336 3.92 877
7540.11322 18.6741 0.0395 -311.9808 192.0655 4.07 866
7540.12503 18.7736 0.0428 158.9134 189.7093 4.71 894
7540.14244 18.9787 0.0741 1002.8458 267.9110 6.15 882
7540.15410 18.8064 0.0591 304.7662 251.9666 5.33 818
7540.16678 18.7966 0.0493 261.6148 213.2092 5.71 874
7540.18453 18.8271 0.0475 394.5769 199.7414 5.00 986
7540.19655 18.8101 0.0539 321.0815 229.5309 4.75 1015
7540.20843 18.6587 0.0408 -388.4577 201.1931 4.75 1026
7540.21993 18.7819 0.0757 196.2629 327.8391 5.23 1058
7540.23188 18.6368 0.0449 -499.6495 225.2966 5.76 1113
7540.24343 18.7525 0.0476 62.4723 214.6602 5.25 1120
7540.25495 18.7090 0.0455 -141.8505 213.4016 4.94 1136
7540.25641 18.7807 0.1004 190.9356 430.1473 5.16 1109
7540.26919 18.6674 0.0813 -345.3003 390.3759 4.36 1150
7540.28506 18.8534 0.0537 506.1093 219.8674 4.56 1198
7540.29692 18.6782 0.0494 -291.5727 238.1174 4.91 1223
7540.31573 18.8136 0.0533 336.3086 226.5239 5.30 1270
7548.08389 18.7506 0.0784 53.6011 349.1236 7.35 808
7551.95396 18.8797 0.0582 615.1991 232.1411 5.02 935
7551.96553 18.6584 0.0419 -390.3519 206.2306 5.20 903
7551.97726 18.8159 0.0513 346.2705 217.5469 5.38 950
7551.98944 18.7538 0.0490 68.4370 220.2189 5.81 959
7552.00169 19.5477 0.1450 2658.9921 300.5800 8.27 970
7552.01500 18.6758 0.0435 -303.5176 210.8129 5.36 959
7552.02711 18.7158 0.0447 -109.1209 208.6631 5.15 839
7552.04059 18.6767 0.0480 -299.1262 231.8235 6.21 869
7552.05235 18.6061 0.0477 -659.0803 246.0298 6.92 914
7552.06430 18.6196 0.0427 -588.3172 218.1379 6.03 929
7552.07643 18.6439 0.0413 -463.6909 206.4746 5.17 876
7552.08811 18.7959 0.0475 258.5973 205.4667 5.47 865
7552.11291 18.7354 0.0444 -16.7993 203.6117 4.83 715
7552.12445 18.6890 0.0506 -238.6643 241.4401 5.45 865
7552.13597 18.7649 0.0458 119.5313 204.3531 5.16 948
7552.14764 18.7450 0.0529 27.7303 239.4972 5.62 954
7552.15946 18.8003 0.0535 277.8253 230.1529 6.14 1037
7552.17173 18.6259 0.0592 -555.7300 298.1168 5.77 1094
7552.18340 18.5882 0.0531 -754.6223 277.8127 6.02 1123
7552.19966 18.7416 0.0590 11.9631 267.0471 7.60 1126
7552.21162 18.7585 0.0587 90.3134 261.8495 7.11 1157
7552.22331 18.7286 0.0597 -48.8302 273.3083 7.38 1108
7552.23514 18.5742 0.0650 -829.9483 342.3137 7.97 1143
7552.24689 18.7573 0.0683 84.4282 303.7258 8.29 1136
7552.25845 18.7738 0.0889 159.5011 385.4727 8.77 1157
7552.95665 18.6220 0.0408 -575.8187 207.7856 5.07 920
7552.97023 18.7028 0.0444 -171.4898 209.9017 5.12 909
7552.98356 18.7139 0.0412 -118.4379 192.8778 4.77 884
7552.99614 18.8602 0.0502 534.9101 204.4464 5.06 881
7553.00816 18.6675 0.0352 -344.8616 172.3329 3.96 855
7553.01980 18.6957 0.0457 -205.9978 217.3748 4.41 896
7553.03195 18.7150 0.0353 -113.1159 165.7134 3.88 863
7553.04430 18.6732 0.0348 -316.0779 169.4513 4.05 831
7553.05712 18.6622 0.0372 -370.9990 183.0753 4.28 888
7553.07122 18.7082 0.0362 -145.5357 170.5687 3.99 865
7553.08459 18.7182 0.0382 -98.0680 178.2592 4.28 885
7553.09884 18.7033 0.0412 -169.1157 194.8085 4.91 895
7553.11323 18.6352 0.0336 -507.8892 169.8144 3.91 905
7553.12788 18.6500 0.0413 -432.5169 205.0915 4.91 983
7553.14438 18.6346 0.0392 -510.8530 197.8328 4.71 940
7553.15843 18.6840 0.0371 -262.9787 178.7001 4.29 869
7553.17104 18.7071 0.0426 -150.7783 200.5234 4.99 889
7553.18426 18.5416 0.0412 -1009.2199 226.2157 5.70 960
7553.19649 18.7254 0.0517 -63.9221 238.2359 5.04 939
7553.21039 18.7064 0.0363 -154.4194 171.6663 4.03 892
7553.22269 18.7805 0.0446 190.0083 196.2622 4.89 921
7553.23472 18.6175 0.0391 -599.2367 200.1672 5.19 923
7553.24595 18.6696 0.0382 -334.3602 186.8101 4.46 950
7553.25805 18.7781 0.0475 179.1712 208.8691 5.29 948
7553.26998 18.5927 0.0476 -730.2009 248.3864 5.18 992
7553.27893 18.6310 0.0545 -529.2942 273.9981 5.67 1010
7553.96080 19.4881 0.3142 2523.2403 638.1201 8.68 1432
7553.98742 18.7307 0.0631 -38.9706 287.8964 7.98 1170
7554.02308 18.7013 0.0785 -179.0126 365.5503 8.14 1358
7554.03513 18.7499 0.1375 50.5435 596.1874 8.58 1781
7554.05810 18.6830 0.1065 -268.0760 498.0675 5.67 1253
7554.06955 18.5414 0.0512 -1010.7675 279.7733 5.58 1239
7554.08108 18.5102 0.0568 -1187.6162 318.3344 5.31 1558
7554.09345 18.6098 0.0447 -639.7402 229.8472 3.75 1118
7554.10660 18.6874 0.0655 -246.4134 310.9316 4.40 879
7554.12011 18.6533 0.0496 -415.8194 244.4436 3.44 1236
7554.13168 18.7011 0.0352 -179.7927 167.0531 3.58 888
7554.14200 18.6437 0.0787 -464.3528 386.3836 4.35 1388
7554.15415 18.6566 0.0391 -399.3129 193.1833 4.06 964
7554.16580 18.8268 0.0726 393.5052 301.8836 5.03 1197
7554.17721 18.6923 0.0382 -222.6227 182.7273 4.49 865
7554.18898 18.6974 0.0423 -197.6229 201.0204 5.27 921
7554.20086 18.6653 0.0393 -355.7812 192.6460 4.08 922
7554.21005 18.6851 0.0370 -257.7486 178.4680 4.05 942
7554.22341 18.8354 0.0784 430.0221 322.6851 5.16 899
7554.24906 18.6801 0.1031 -282.3049 484.3793 4.99 455
7554.26057 18.6659 0.1013 -352.5871 482.1879 4.71 277
7554.95550 18.5728 0.0416 -837.3745 221.9766 4.69 1148
7554.96754 18.6733 0.0387 -315.5844 188.2281 4.10 1080
7554.97980 18.7648 0.0428 118.9766 190.9278 4.23 1056
7554.99224 18.6677 0.0396 -343.4091 193.5286 4.48 1056
7555.00621 18.7514 0.0426 57.5209 192.7130 4.29 1071
7555.01869 18.6733 0.0402 -315.9135 195.5988 4.37 1044
7555.03219 18.7203 0.0368 -88.1906 171.6296 3.66 1027
7555.04489 18.6923 0.0406 -222.4617 193.9769 4.05 998
7555.05691 18.6990 0.0477 -189.8172 225.8783 4.70 1038
7555.06938 18.5933 0.0380 -727.2985 199.0471 4.28 1041
7555.08365 18.5748 0.0432 -826.4667 229.6669 5.64 1055
7555.09591 18.6893 0.0427 -236.9803 204.5617 4.60 935
7555.11062 18.6048 0.0438 -666.0058 226.6261 4.72 918
7555.12274 18.6498 0.0357 -433.6882 178.0288 3.99 1038
7555.13505 18.6607 0.0366 -378.5936 180.5319 4.04 1000
7555.14712 18.7191 0.0350 -93.7588 163.4780 3.63 974
7555.15934 18.7286 0.0478 -48.7017 220.3408 4.01 1036
7555.17119 18.6919 0.0360 -224.4311 172.3232 3.81 982
7555.18352 18.7093 0.0454 -140.5205 212.8724 3.83 968
7555.19580 18.6914 0.0360 -227.1401 172.4134 3.90 946
7555.20835 18.6550 0.0395 -407.2051 195.4991 4.47 927
7555.22003 18.8567 0.0876 519.9735 352.0213 4.98 854
7555.23186 18.6447 0.0402 -459.6077 200.7576 4.30 865
7555.24364 18.6527 0.0335 -419.0179 166.5414 3.73 896
7555.25580 18.7045 0.0370 -163.6059 175.0214 4.09 901
7555.27917 18.6966 0.0437 -201.5058 207.7815 5.21 982
7565.12933 18.1110 0.0377 -3965.1591 308.2694 7.58 1003
7565.14743 18.1486 0.0271 -3658.3498 214.7560 5.67 936
7565.16965 18.1127 0.0215 -3950.7575 176.8955 3.82 971
7565.18749 18.0544 0.0425 -4448.1933 364.7878 4.01 1467
7565.20837 18.0658 0.0373 -4349.2980 318.2776 4.68 1895
7567.98836 17.0015 0.0116 -20021.9654 265.8691 6.50 1058
7568.89393 16.4285 0.0073 -37457.8916 285.5170 5.79 1139
7568.91207 16.4145 0.0071 -38011.3857 282.4748 4.61 1083
7568.93041 16.4348 0.0081 -37213.0992 315.4241 4.62 1069
7568.94760 16.4472 0.0089 -36732.0736 339.4080 5.18 1095
7568.96477 16.4660 0.0072 -36015.4530 271.8931 4.62 1105
7568.98310 16.4636 0.0077 -36106.9282 290.5979 4.02 1002
7569.00041 16.4878 0.0078 -35196.0708 286.5544 3.74 997
7569.01749 16.4932 0.0112 -34997.2197 410.3648 3.77 1048
7569.03488 16.4994 0.0087 -34768.4277 317.9700 3.54 985
7569.05204 16.5138 0.0091 -34245.8235 326.7252 3.48 916
7569.06936 16.5276 0.0109 -33748.1663 386.6990 3.32 850
7569.08744 16.5563 0.0088 -32737.5605 306.0610 3.69 880
7569.10509 16.5114 0.0080 -34331.6071 289.8024 3.94 856
7569.12246 16.4488 0.0065 -36668.2650 250.8582 5.02 962
7569.14004 16.4868 0.0072 -35236.0104 268.0756 5.70 997
7569.15733 16.5432 0.0069 -33195.4220 243.5978 4.53 995
7569.17460 16.5834 0.0105 -31804.3751 353.5050 5.22 989
7569.19168 16.6414 0.0099 -29887.1637 318.1217 5.02 930
7569.20930 16.6485 0.0075 -29659.8486 238.0177 4.56 1028
7569.23334 16.6835 0.0105 -28557.8889 323.8545 7.12 1223
7569.99851 17.3213 0.0142 -13621.9039 243.1735 5.11 942
7570.01588 17.3065 0.0133 -13877.3256 229.8534 5.50 913
7570.03334 17.2664 0.0492 -14590.3373 870.0547 6.08 777
7570.05097 17.3365 0.0185 -13361.7536 310.5264 4.25 856
7570.06841 17.3549 0.0126 -13052.1693 209.4460 4.54 854
7570.08580 17.3392 0.0171 -13316.7321 287.1831 5.73 877
7570.10380 17.3639 0.0137 -12903.2389 224.5324 4.13 852
7570.12136 17.3194 0.0188 -13654.9608 320.9561 4.02 774
7570.13900 17.3955 0.0541 -12386.6119 848.2835 6.11 686
7572.95146 18.2975 0.0359 -2540.3788 247.4689 6.24 886
7572.96864 18.2206 0.0447 -3098.2415 329.3871 7.53 905
7572.98628 18.2905 0.0358 -2589.2623 248.4942 7.54 885
7573.00225 18.2202 0.0282 -3101.1284 209.3588 5.42 869
7573.02538 18.2335 0.0279 -3001.7027 204.8281 4.32 866
7573.04280 18.2642 0.0318 -2777.4747 226.1153 5.49 942
7573.06055 18.2576 0.0316 -2825.0376 226.5099 4.98 918
7573.07820 18.1699 0.0251 -3488.2248 195.1805 4.00 943
7573.09532 18.2823 0.0269 -2647.2610 188.5878 4.26 973
7573.11269 18.1637 0.0498 -3537.8500 385.4053 4.64 1013
7573.13025 18.2620 0.0317 -2793.0870 226.3557 5.80 1000
7573.14722 18.2237 0.0276 -3074.9619 204.2854 3.96 914
7573.16561 18.2918 0.0291 -2580.6315 202.0887 4.75 908
7573.18357 18.1722 0.0277 -3470.5241 215.1117 4.98 962
7573.20146 18.7634 0.0995 112.4388 433.3853 6.67 1311
7573.20638 18.2188 0.0359 -3111.6886 265.9846 7.73 1111
7573.22475 18.3391 0.0400 -2254.5034 264.7205 6.74 1155
7578.89197 18.4979 0.0410 -1258.9575 234.2355 6.24 1003
7578.91002 18.2488 0.6359 -2889.3847 3525.2393 7.11 878
7578.92998 18.6535 0.0656 -414.5710 321.3764 6.18 957
7578.94712 18.6426 0.0468 -470.1465 233.3611 6.22 936
7578.96630 18.7736 0.0542 158.7268 238.8305 6.18 923
7578.98538 18.5851 0.0403 -770.8471 212.8172 5.81 832
7579.00305 18.7799 0.0731 187.0272 317.6329 8.42 855
7579.02090 18.7790 0.0619 183.2659 270.6034 8.05 810
7579.03962 18.7840 0.0644 205.4291 279.7606 7.72 775
7579.06143 18.5229 0.0342 -1114.8345 191.3636 4.96 755
7579.07911 18.6503 0.0436 -430.9903 216.1390 5.76 805
7579.09659 18.6771 0.0525 -297.0097 253.0512 5.74 798
7579.89072 18.5278 0.0647 -1087.2844 355.6329 8.44 1149
7579.90797 18.7020 0.0605 -175.5478 284.0220 6.06 1070
7579.95994 18.6570 0.0580 -397.0898 283.7906 5.44 1021
7579.98248 18.7266 0.0446 -58.3460 206.2236 4.62 934
7579.99994 18.5969 0.0441 -707.9474 229.6386 4.35 901
7580.01755 18.6796 0.0393 -284.5961 190.2797 3.79 878
7580.03484 18.6543 0.0483 -410.9400 238.0354 3.89 802
7580.05262 18.6804 0.0324 -280.7145 157.0881 3.46 818
7580.07084 18.6476 0.0374 -444.4788 186.7093 4.63 814
7580.08836 18.6358 0.0377 -504.8756 189.8932 4.83 823
7580.10527 18.7111 0.0468 -131.7414 219.3299 4.54 838
7580.12271 18.7394 0.0522 1.7154 237.7479 4.54 869
7580.14074 18.5541 0.0485 -939.9079 262.3173 5.15 877
7580.15790 18.9160 0.2304 761.7691 822.4721 5.90 795
7580.17550 18.5483 0.4003 -972.2929 1861.1959 7.44 774
7580.20319 18.8604 0.0716 535.7926 288.8497 6.26 980
7582.91330 20.1751 1.6469 3714.0867 1052.8899 8.77 2453
7583.01953 18.7010 0.2582 -180.5202 1109.8312 8.19 2156
7583.89165 18.5292 0.0469 -1079.3178 259.6478 6.17 1418
7583.90911 18.6639 0.0518 -362.7033 252.8040 6.57 1421
7583.92672 18.6797 0.0509 -284.0831 244.6768 6.27 1363
7583.94387 18.4895 0.0478 -1307.7126 274.1605 7.85 1312
7583.96116 18.7114 0.0563 -130.3983 262.5970 6.17 1280
7585.12781 18.8863 0.0790 642.1416 310.1287 5.79 2787
7585.14540 18.7486 0.0808 44.4939 359.8644 6.68 2545
7594.12317 18.5791 0.0581 -803.1296 305.5616 7.89 1106
7594.90866 18.8863 0.0814 642.3497 319.1484 8.50 948
7595.00572 18.7653 0.0527 121.2264 233.9581 6.65 924
7595.02641 18.6097 0.0462 -640.1701 237.4518 6.20 922
7595.05398 18.6774 0.0593 -295.6313 284.7003 5.69 1045
7595.07149 18.6927 0.0547 -220.7698 259.3846 6.49 1058
7595.08924 18.5065 0.0497 -1209.1324 280.7718 6.88 1146
7595.10802 18.6767 0.0616 -299.0432 295.5141 7.42 1120
7596.11979 18.6018 0.1786 -682.0936 871.5434 8.48 898
7596.88095 18.4921 0.0675 -1292.5699 382.9128 8.47 1045
7596.89825 18.9249 0.0852 796.7614 321.8961 7.39 992
7596.91912 18.5869 0.0593 -761.4454 309.5616 7.87 898
7596.93498 18.9435 0.0695 869.2528 260.1729 8.05 874
7597.88801 18.6189 0.0764 -592.0662 384.2822 8.80 1083
7597.90851 18.7995 0.0841 274.5071 356.8909 8.63 992
7597.92573 18.6218 0.0482 -577.0046 244.6649 7.43 939
7597.94317 18.7534 0.0579 66.7986 259.2720 7.42 936
7597.96743 19.0022 0.0886 1089.7843 311.2396 8.72 887
7597.98677 18.7219 0.0526 -80.2541 243.0523 6.79 741
7598.00608 18.8617 0.0778 540.9239 312.6177 8.35 895
7598.04564 18.6472 0.0525 -446.5200 260.0617 7.86 902
7598.06278 18.5046 0.0476 -1219.7541 269.3052 8.86 861
7598.08034 18.7451 0.0460 28.2125 208.9420 5.66 924
7598.10281 18.7111 0.0451 -131.6928 211.1594 5.79 938
7598.12041 18.6659 0.0415 -352.4999 202.8895 5.09 1004
7598.13757 18.7232 0.0502 -74.1475 232.1547 5.81 1036
7598.15657 18.8648 0.0652 553.7554 262.7534 7.32 1123
7598.88861 18.6757 0.0499 -303.9077 240.9525 6.54 921
7598.90656 18.6352 0.0458 -508.0323 230.2513 6.51 846
7598.92480 18.7502 0.0580 51.9875 260.4674 6.50 891
7598.94202 18.8327 0.0466 418.6239 195.2345 4.47 832
7598.96272 18.7303 0.0445 -40.5531 205.0057 5.53 847
7599.00229 18.6743 0.0378 -310.6753 183.6276 4.35 910
7599.02131 18.7531 0.0389 65.4441 175.8055 3.44 874
7599.03882 18.7631 0.0349 111.3497 156.6053 3.21 884
7599.05638 18.6758 0.0370 -303.3448 179.8646 3.18 879
7599.07578 18.5804 0.0358 -796.0812 190.2414 4.58 970
7599.09389 18.7698 0.0384 141.4008 171.0679 4.04 924
7599.11320 18.8361 0.0724 433.1820 298.8081 6.86 1114
7599.13111 18.7731 0.0557 156.4531 245.2171 6.23 1109
7599.15097 18.8371 0.0770 437.5980 316.7980 8.83 1223
7599.88593 19.0199 0.0867 1154.1288 300.0205 7.68 872
7599.90345 19.2682 0.1766 1953.2174 466.7558 8.14 789
7599.92100 18.5526 0.0654 -948.3803 351.3176 6.38 779
7600.06941 18.8695 0.0549 573.3894 221.4594 5.93 857
7600.08761 18.1159 0.2846 -3924.8989 2072.2723 7.00 567
7600.10527 18.7185 0.0937 -96.5909 426.4870 6.44 804
7600.12274 18.5585 0.0585 -915.8470 313.5733 6.23 914
7600.14779 18.8155 0.0460 344.2339 195.6571 4.98 994
7600.87769 18.7434 0.0485 20.3884 220.1210 5.92 992
7600.89751 18.6903 0.0438 -232.3943 209.1974 5.20 983
7600.91651 18.7729 0.0469 155.6837 207.4854 5.25 939
7600.93473 18.7654 0.0580 121.6550 257.0267 5.60 930
7600.95322 18.8706 0.0504 577.8420 203.4801 5.01 917
7600.97384 18.7087 0.0360 -143.3367 169.6317 3.74 728
7600.99521 18.7240 0.0426 -70.2372 197.5080 5.05 829
7601.01311 18.7877 0.0410 221.9513 179.5209 4.47 810
7601.04071 18.7550 0.0374 73.9451 168.8472 4.17 825
7601.08131 18.6448 0.0370 -458.7453 185.0738 4.14 884
7601.10280 18.7526 0.0377 63.1441 170.5654 4.04 874
7601.11959 18.7383 0.0365 -3.2421 167.6462 3.81 904
7601.14749 18.8130 0.0485 333.7866 206.4773 5.30 928
7601.95821 19.0004 0.0930 1083.2565 326.7784 7.04 786
7601.97795 18.6865 0.0639 -250.7523 303.5166 4.11 694
7601.99596 19.0318 0.0923 1196.8691 315.1259 4.71 683
7602.01509 18.8984 0.1018 691.2631 391.1660 5.96 631
7602.03303 19.1355 0.2282 1548.8895 666.1451 4.10 552
7604.87184 18.7432 0.0445 19.5897 202.6884 4.60 887
7604.89050 18.7366 0.0447 -11.3917 204.8825 4.37 876
7604.90886 18.8069 0.0453 307.0404 194.1527 4.60 804
7604.92746 18.6634 0.0330 -365.2119 162.6260 3.81 800
7604.94647 18.9307 0.0489 819.3407 186.9236 4.57 851
7604.96816 18.7860 0.0451 214.4016 197.2589 4.55 697
7605.91674 18.5918 0.0534 -735.1729 278.1321 7.43 911
7605.93566 18.8707 0.0601 578.3871 241.6293 5.51 948
7605.95407 18.6846 0.0571 -260.1091 272.5672 7.84 942
7605.97613 18.6530 0.0535 -417.2141 263.5509 8.43 910
7606.05677 18.7809 0.0654 191.5471 284.7102 8.90 918
7606.07580 18.9132 0.0671 750.4133 258.6254 6.45 904
7607.87353 18.9277 0.1020 807.7052 381.6088 6.84 916
7607.89113 18.5478 0.0465 -974.7232 253.0487 5.78 921
7607.90884 18.8329 0.0532 419.2554 222.1134 4.79 914
7607.92672 18.7135 0.0503 -120.4920 234.5285 5.67 935
7607.94639 18.6387 0.0401 -490.0847 201.4679 4.47 931
7607.96720 18.7640 0.0478 115.3157 213.1987 5.71 912
7607.98572 18.7716 0.0526 149.8177 232.2798 6.33 895
7608.00329 18.8041 0.0447 294.8474 192.1561 4.91 884
7608.02047 18.6441 0.0464 -462.2979 231.1686 6.25 900
7608.03852 18.7570 0.0550 83.4044 245.9498 6.03 862
7608.05682 18.6806 0.0399 -280.0195 192.7579 4.88 810
7608.07497 18.6905 0.0432 -231.3205 206.4273 5.92 870
7608.09284 18.8845 0.0512 635.1483 204.0552 5.57 824
7608.11044 18.7855 0.0397 212.3795 174.1630 4.33 762
7608.12577 18.7228 0.0522 -76.2197 241.0585 5.62 819
7608.88401 18.9490 0.0704 890.4224 262.1033 6.05 989
7608.90415 18.7755 0.0529 167.2410 232.9398 5.83 972
7608.92375 18.8482 0.0557 484.5164 228.8985 6.38 959
7608.94372 18.6472 0.0454 -446.8051 225.5444 6.11 959
7608.96710 18.7526 0.0425 63.2390 191.8612 4.73 906
7608.99092 18.7999 0.0408 276.3847 176.4152 4.26 877
7609.00908 18.7460 0.0379 32.7653 172.7189 4.27 870
7609.02746 18.8287 0.0488 401.5881 204.7875 5.43 833
7609.04485 18.8087 0.0444 314.6510 190.3246 3.90 815
7609.06316 18.7644 0.0387 117.2694 173.1014 4.21 837
7609.08311 18.7221 0.0505 -79.3237 233.9159 6.52 840
7609.10047 18.7290 0.0433 -46.6867 199.7602 4.29 825
7609.12099 18.8223 0.0535 374.0578 225.4090 5.65 856
7610.06180 18.0322 0.5905 -4644.8787 4072.2104 6.80 537
7610.91274 18.9245 0.0599 795.0545 229.0726 5.85 1070
7612.94986 18.3782 0.0547 -1995.7273 346.5280 8.02 1841
7612.96815 18.6514 0.0618 -425.6575 303.4644 7.38 1836
7612.98720 18.7234 0.0750 -73.2405 342.6114 7.85 1877
7613.00783 18.8837 0.0829 631.5648 325.6497 7.97 1851
7613.02988 18.7701 0.0755 142.8942 330.4978 7.34 1765
7613.04884 18.7973 0.0736 264.4847 314.3250 6.98 1696
7613.06709 18.4749 0.0574 -1394.1392 332.3035 8.19 1694
7613.08883 18.9622 0.0876 940.7435 319.6243 7.53 1725
7613.10607 18.9661 0.0910 955.5997 330.3492 8.02 1765
7613.11677 18.6867 0.0557 -249.7196 265.7411 6.24 1438
7615.95566 18.8009 0.0556 280.7045 238.9133 4.59 2205
7615.98156 18.7720 0.0494 151.6588 218.6134 4.39 1746
7616.00023 18.7201 0.0515 -88.7716 238.8096 4.39 2181
7616.01888 18.8306 0.0510 409.5693 213.3940 4.16 1834
7616.03665 18.7323 0.0522 -31.5296 239.2473 4.81 2135
7616.05624 18.7450 0.0560 27.7536 253.2090 4.48 2038
7616.07696 18.9331 0.0612 829.0037 232.0759 4.17 2155
7616.10343 18.8246 0.0696 383.7005 290.6402 5.73 2525
7616.89496 18.8662 0.0732 559.6674 293.6446 7.15 1980
7616.92170 18.7701 0.0579 143.1679 255.5570 5.23 1935
7616.94185 18.9166 0.0753 764.0472 287.8944 5.62 1738
7616.96167 18.8944 0.0674 675.2329 264.2512 5.83 1796
7616.98014 18.5959 0.0515 -713.3698 267.7965 5.87 1677
7616.99832 18.7402 0.0593 5.7097 268.9652 5.32 1663
7617.01845 18.7039 0.0561 -166.5378 263.2472 5.55 1721
7617.03640 18.8653 0.0735 556.1574 294.9902 7.13 1815
7617.05777 18.9789 0.0808 1003.7769 291.2077 5.96 1876
7617.07775 18.7036 0.0575 -167.8497 269.8295 5.82 1952
7617.10127 18.7381 0.0754 -4.3347 339.9433 6.99 2227
7617.88446 18.7702 0.1028 143.4758 444.3459 8.45 1843
7617.90854 18.9574 0.0817 922.4922 300.0125 7.13 1796
7617.92743 18.5175 0.0497 -1145.6178 277.8351 6.86 1733
7617.95021 18.7908 0.0724 235.8067 311.5565 5.69 1695
7617.97021 18.7639 0.0609 114.8340 270.0724 6.24 1725
7617.99447 18.7480 0.0569 41.5860 256.3338 5.39 1741
7618.01349 18.8031 0.0674 290.1967 287.2918 6.74 1743
7618.03461 18.6728 0.0514 -318.2014 249.0257 5.09 1773
7618.05415 18.8375 0.0711 439.0609 293.0029 6.51 1799
7618.07306 18.7291 0.0584 -46.3179 267.5494 5.72 1848
7618.09685 18.6787 0.0818 -289.2510 388.3918 6.69 2097
7618.90201 18.6184 0.0581 -594.6024 294.8300 7.13 1999
7618.92134 18.7281 0.0599 -51.2639 274.6867 5.94 1889
7618.94103 18.7041 0.0617 -165.2853 288.7792 5.32 1822
7618.96295 18.6754 0.0599 -305.6142 288.3841 5.00 1799
7618.98247 18.5938 0.0495 -724.3947 257.9598 5.43 1825
7619.00123 18.8324 0.0545 417.2188 227.2712 4.36 1845
7619.02378 18.9196 0.0814 775.9105 309.6496 4.51 1893
7619.04423 18.7139 0.0597 -118.5990 277.1579 4.76 1991
7619.06333 18.8568 0.0640 520.5400 259.8681 5.09 2023
7619.08160 18.6943 0.0540 -212.6464 255.9366 4.80 2306
7619.09378 18.8160 0.0686 346.7338 288.6306 4.83 2368
7620.95719 18.7922 0.0792 241.9116 339.0039 8.70 1127
7620.97569 18.7003 0.0625 -183.7469 293.5870 7.81 1190
7620.99321 18.9758 0.0880 991.9769 317.0083 7.24 1155
7621.01284 18.8176 0.0597 353.4591 251.9884 6.32 1190
7621.03458 18.7008 0.0635 -181.3056 298.1099 7.00 1249
7621.05286 18.8243 0.0941 382.4327 388.5292 8.51 1466
7621.07080 18.7854 0.0784 211.5962 337.9393 8.97 1279
7621.09084 18.8043 0.0763 295.4957 323.3726 8.05 1375
7621.88164 18.8954 0.0687 679.3992 268.7550 5.50 908
7621.92109 18.7301 0.2540 -41.7388 1064.6870 7.94 678
7621.94205 18.7236 0.0565 -72.3676 260.5515 5.32 835
7621.95944 18.7638 0.0513 114.1864 228.2840 6.14 937
7621.97745 18.6728 0.0590 -318.1715 284.5543 6.57 940
7621.99705 18.9798 0.0831 1007.0180 298.8503 8.36 1000
7622.01501 18.7469 0.0724 36.6509 324.4194 8.79 1097
7622.05163 18.6978 0.0620 -195.9483 291.7901 7.20 1062
7625.89613 18.6448 0.0994 -459.0652 483.3112 8.74 790
7626.02397 18.4169 0.0657 -1748.4845 399.8020 8.80 991
7626.04191 18.6081 0.1111 -648.5036 555.7318 7.96 845
7626.06008 18.6185 0.0440 -594.1671 224.6108 5.71 958
7626.07483 18.8887 0.0740 652.2613 290.7100 7.13 950
7626.88533 18.7029 0.0531 -171.3090 250.0568 7.24 923
7626.90463 18.8601 0.0762 534.2743 306.7969 7.16 822
7626.92443 18.7462 0.0574 33.6774 258.8674 8.03 896
7626.94240 18.5815 0.0519 -790.5230 273.3440 7.83 943
7626.96042 18.7312 0.0528 -36.6216 242.1975 7.64 933
7626.99881 18.6973 0.0473 -198.2557 224.1211 6.61 876
7627.02144 18.8204 0.0577 365.8868 243.0019 6.28 865
7627.03902 18.7350 0.0550 -18.4820 251.2006 6.39 925
7627.05652 18.8014 0.0520 282.8570 223.4180 6.49 865
7627.07119 19.0349 0.0912 1207.8220 310.5375 7.80 898
7627.88346 18.8053 0.0433 299.8473 186.2981 4.21 909
7627.90204 18.7451 0.0416 28.4551 189.1747 4.32 832
7627.92501 18.7542 0.0433 70.5226 195.3206 4.76 888
7627.94418 18.7475 0.0404 39.6105 183.3483 4.47 847
7627.96316 18.6799 0.0464 -283.3100 223.8792 5.93 856
7627.98055 18.7653 0.0519 121.0423 230.8098 5.98 887
7627.99824 18.7584 0.0501 89.6828 224.1682 6.07 957
7628.01558 18.8696 0.0667 573.6463 267.3285 6.42 924
7628.03337 18.6067 0.0539 -655.9847 276.9468 6.25 987
7628.05124 18.8553 0.0649 514.1623 264.0744 6.37 997
7628.07114 18.7544 0.0515 71.3313 231.2878 5.75 1028
7628.89330 18.6303 0.0428 -533.3618 216.3331 5.87 870
7628.93329 18.7329 0.0487 -28.3483 223.2639 5.12 843
7628.95128 18.8612 0.0678 538.9859 273.7607 5.11 847
7628.96953 18.6993 0.0412 -188.6689 195.5249 4.69 875
7628.98798 18.8125 0.0717 331.3930 302.3181 5.35 925
7629.00782 18.8466 0.0961 477.8013 388.4583 4.52 929
7629.02715 18.8270 0.0475 394.1671 199.8784 4.98 940
7629.04709 18.6571 0.0410 -396.5495 202.2066 4.43 939
7629.06664 18.7516 0.0396 58.5989 179.0284 4.06 1071
7629.89640 18.8922 0.0480 666.3963 189.9517 4.52 829
7629.92352 18.7299 0.0860 -42.6103 388.9982 5.39 913
7629.94155 18.7220 0.0772 -79.6623 353.1793 5.76 916
7629.95929 18.6726 0.0404 -319.2485 196.4098 3.86 876
7629.97758 18.8034 0.0614 291.6697 262.2998 3.91 857
7630.00207 18.5978 0.1427 -702.9659 710.0985 4.65 814
7630.02082 18.7692 0.0332 138.8589 148.2328 3.25 824
7630.03932 18.7258 0.0473 -62.1468 218.3121 4.44 871
7630.06302 18.5957 0.0366 -714.1309 191.3486 4.59 902
7634.90048 18.7564 0.0672 80.4485 298.9473 7.33 968
7634.91919 18.7779 0.0684 178.2700 298.2135 6.74 952
7634.93885 19.1117 0.0856 1470.9845 272.4544 7.22 933
7634.95743 18.6556 0.0499 -404.0838 245.4588 6.41 909
7634.97508 18.6938 0.0588 -215.2533 278.4107 6.69 961
7635.01112 18.5226 0.0484 -1116.4542 269.2369 7.43 929
7635.02841 18.5685 0.0852 -860.8401 446.9303 7.51 823
7635.04943 18.5239 0.0686 -1109.2347 377.9334 7.07 863
7635.87875 18.9765 0.0706 994.6948 256.2451 7.48 1046
7635.89821 18.6229 0.0577 -571.3113 291.4881 5.95 1063
7635.91630 18.8564 0.0602 518.8996 244.9782 6.42 1020
7635.93805 18.5822 0.0581 -786.7772 304.8843 7.60 1026
7635.95699 18.9536 0.0999 908.1569 365.3761 8.76 1060
7635.97417 18.6613 0.0585 -375.4100 285.3932 8.00 1039
7636.01448 18.7862 0.0659 215.3779 285.6265 7.92 960
7636.03209 18.7552 0.0568 75.1954 254.2424 5.81 949
7636.04397 18.7270 0.0608 -56.2214 278.9298 7.28 1005
7636.87134 18.9595 0.0838 930.6582 306.8284 6.34 940
7636.89067 19.0497 0.0701 1259.8775 237.8881 6.59 898
7636.90851 18.6620 0.0449 -371.9981 220.2581 5.92 862
7636.92667 18.6727 0.0442 -318.5534 214.7024 5.18 880
7636.94441 18.7112 0.0521 -131.2856 243.1834 5.75 886
7636.96220 18.7901 0.0581 232.7968 251.8406 5.59 928
7636.98071 18.8583 0.0538 526.8365 219.4698 5.03 860
7636.99908 18.7438 0.0455 22.4128 206.6978 4.41 919
7637.01683 18.7086 0.0432 -143.8468 202.9247 4.06 925
7637.03458 18.7273 0.0421 -54.6939 194.6491 4.57 945
7637.04847 18.8648 0.0538 553.8585 218.1088 5.37 961
7637.87371 18.8929 0.0547 669.1784 216.0352 5.68 877
7637.89289 18.6326 0.0513 -521.2181 257.9105 5.19 972
7637.91037 18.7591 0.0459 93.0008 205.6014 4.95 949
7637.92750 18.7969 0.0496 263.1419 214.3248 4.87 965
7637.94503 18.7250 0.0591 -65.9167 271.5050 5.15 965
7637.96363 18.7266 0.0471 -58.0538 217.4141 5.57 1005
7637.98270 18.5723 0.0384 -840.3298 204.9019 4.90 988
7638.00015 18.6258 0.0404 -556.3729 205.4743 4.85 1018
7638.01893 18.9623 0.0598 941.0132 220.7686 5.96 958
7638.04072 18.7376 0.0482 -6.7602 220.2995 5.48 989
7638.88378 18.9215 0.0740 783.2858 282.0170 5.58 1078
7638.90574 18.7505 0.0520 53.2819 234.4362 5.35 989
7638.92604 18.8245 0.0639 383.3558 267.4747 5.13 993
7638.94629 18.7208 0.0540 -85.5149 249.9799 5.68 984
7638.96377 18.7838 0.0536 204.7501 234.1642 5.82 975
7638.98137 18.6930 0.0492 -219.1286 233.9233 6.04 1026
7638.99941 18.6880 0.0441 -243.5258 211.4280 5.29 1013
7639.01728 18.8289 0.0514 402.4051 215.4766 5.59 1007
7639.04043 18.7872 0.0550 220.0461 239.0088 5.36 985
7639.89096 18.8375 0.0683 439.0316 281.9720 7.57 1188
7639.91005 18.7822 0.0514 197.6883 224.8836 5.00 1129
7639.92802 18.7911 0.0527 237.0230 228.5187 5.49 1130
7639.96261 18.8579 0.1129 525.0084 448.1029 6.40 1923
7643.97971 18.9883 0.0834 1038.6253 297.4452 6.49 1736
7643.99805 18.5955 0.0637 -715.2949 329.2158 7.87 1860
7644.02490 19.0847 0.1096 1380.6118 353.7159 7.96 1940
7654.89261 18.8965 0.0618 683.5106 242.3564 6.92 999
7654.91125 18.6911 0.0449 -228.5051 214.3368 5.68 945
7654.93019 18.6890 0.0482 -238.6104 230.0212 5.21 857
7654.94838 18.8196 0.0423 362.1872 179.7781 3.77 852
7654.96647 18.7560 0.0355 78.7233 160.4021 3.56 874
7654.99250 18.7208 0.0324 -85.4485 151.3418 3.30 914
7657.91248 18.6635 0.0578 -364.5012 281.3876 7.76 983
7657.92999 18.5244 0.0535 -1106.5772 296.4238 7.99 922
7657.94826 18.6772 0.0599 -296.4626 287.6469 6.42 957
7657.96593 18.6909 0.0649 -229.3344 307.0569 5.99 953
7657.97760 18.9148 0.0583 756.9997 225.2370 6.17 994
7658.92840 18.7171 0.0617 -103.3213 285.6132 7.78 974
7658.95365 18.7570 0.0648 83.2135 288.5696 8.19 983
7658.97069 18.8826 0.0790 627.2435 311.4153 6.77 1001
7658.98120 18.7264 0.0592 -58.9231 271.7281 6.21 978
7659.89176 18.6038 0.0469 -671.4039 242.4609 6.77 942
7659.90876 18.6605 0.0544 -379.5225 265.9792 6.93 967
7659.92788 18.9437 0.0613 870.0021 230.0573 5.81 1034
7659.94550 18.7840 0.0752 205.5748 325.1609 6.60 1003
7659.96239 18.7057 0.0455 -157.5789 214.4762 5.32 997
7659.97675 18.5700 0.0618 -852.7315 327.0715 6.95 1021
7660.88935 19.0879 0.0999 1391.2877 322.6561 8.35 1208
7660.95863 18.7696 0.0792 140.7067 346.1901 7.93 1246
7660.97601 18.5914 0.0670 -737.2203 347.0739 7.98 1250
7662.90103 18.7546 0.0585 72.3888 261.7235 5.27 939
7662.91895 18.6600 0.0448 -381.9472 219.8620 4.83 971
7662.93686 18.7330 0.0473 -27.8543 217.0734 4.47 1003
7662.95572 18.7189 0.0447 -94.7975 208.2201 4.91 1005
7662.96828 18.7420 0.0490 14.0735 222.6227 5.30 967
7665.89159 18.9928 0.0715 1055.2632 255.3776 6.81 1031
7665.91016 18.8071 0.0571 307.6821 243.6514 6.72 1021
7665.93895 18.5274 0.0459 -1089.2481 254.8300 6.23 996
7666.89716 18.4608 0.0564 -1478.5774 331.1846 8.06 1072
7666.91440 18.7520 0.0681 60.4519 304.2086 7.22 1083
7666.93232 18.7410 0.0615 9.3631 278.1954 7.32 1103
7666.95022 18.7783 0.0735 180.0553 319.5705 7.01 1090
7666.96632 18.7204 0.0633 -87.5846 291.7697 6.62 1097
7667.89954 18.7549 0.0773 73.4992 342.8043 7.99 1320
7667.92221 18.6274 0.0572 -548.0130 288.1185 6.88 1266
7667.94161 18.7068 0.0564 -152.5544 264.0307 6.76 1245
7667.95595 18.9652 0.0673 952.0954 247.1751 5.67 1275
7668.88393 19.0491 0.1222 1257.7971 404.9148 8.17 1833
7668.90162 18.6390 0.0623 -488.6623 309.5236 7.20 1757
7668.92012 18.8723 0.1150 584.8873 449.8843 6.64 2202
7668.93831 18.6528 0.0608 -418.5738 298.4946 7.10 1836
7668.96391 18.7621 0.0740 106.7219 326.5401 6.48 1945
7669.91938 18.5376 0.0732 -1032.1066 397.1316 8.71 2017
7669.93661 18.8584 0.0838 527.0910 336.8319 7.47 2035
7669.95149 18.6982 0.0753 -193.8691 352.0415 7.89 2121
7670.91493 18.6918 0.0519 -224.7106 246.8253 4.42 1488
7670.93568 18.8557 0.0621 515.7557 252.7782 6.05 1541
7670.95515 18.7794 0.0615 184.8729 268.6910 6.25 1637
7674.89385 18.7145 0.0637 -115.3516 294.9608 6.51 1472
7674.91460 18.6860 0.0579 -253.3194 276.0085 6.50 1474
7674.94498 18.4405 0.0683 -1602.1208 406.2245 7.50 1602
7675.88382 18.6445 0.0584 -460.4031 289.0009 6.96 1808
7675.90355 18.5856 0.0503 -768.1917 263.9575 5.38 1489
7675.92133 18.7253 0.0594 -64.3170 272.8111 5.49 1524
7675.93874 18.9964 0.0877 1068.4611 310.1258 6.66 1527
7676.89395 18.5422 0.0723 -1006.2328 390.7525 7.52 1742
7676.91172 18.6888 0.0727 -239.3843 343.4256 8.06 1858
7676.93479 18.6278 0.0711 -546.1953 355.7595 7.31 1974
7679.88764 18.8297 0.0806 405.5779 333.2477 8.11 1474
7679.90468 18.9142 0.0930 754.5034 353.7247 7.89 1361
7679.92636 18.7134 0.0667 -120.6318 308.8680 7.90 1402
