7443.26227 18.7883 0.0579 224.5393 251.0781 5.28 1532
7444.21656 18.8444 0.0653 468.4417 268.1492 5.67 1770
7444.24263 18.8459 0.0524 474.9182 216.2588 4.19 1609
7444.26598 18.8368 0.0542 435.9401 225.3074 3.94 1576
7447.22506 18.6109 0.0672 -634.1924 342.1237 6.21 1852
7447.24978 18.9614 0.0770 937.8757 282.4705 6.17 1680
7447.27283 18.8382 0.0658 442.2247 271.8155 5.84 1695
7448.26874 18.7560 0.0756 78.6513 335.3251 8.32 1566
7449.21397 18.7185 0.0517 -96.3687 239.8133 4.99 1714
7449.24086 18.7533 0.0536 66.1540 240.6819 4.72 1798
7449.26350 18.7175 0.0585 -101.0355 270.9548 4.83 2159
7450.21081 18.7813 0.0769 193.3663 332.9751 6.05 2732
7450.23401 19.1132 0.1092 1475.8415 343.2686 6.24 2484
7451.20883 18.8325 0.0885 417.5949 363.7156 7.66 2191
7451.23120 18.8139 0.0915 337.5988 382.0240 6.70 2295
7451.27627 18.8022 0.0820 286.0796 347.4779 6.44 2092
7451.27839 18.8147 0.0722 340.9739 303.9374 5.90 2244
7452.19476 18.9076 0.0613 728.0499 237.9931 5.00 1667
7452.24297 18.7248 0.0664 -66.6430 304.2362 6.15 1542
7453.20454 18.4436 0.0504 -1583.3762 301.6415 6.62 1565
7457.27237 18.8272 0.0568 395.0394 237.8583 5.43 1149
7458.17738 18.4998 0.1164 -1247.7490 641.7350 6.35 920
7458.22148 18.6585 0.0885 -389.4473 426.8503 4.85 1347
7458.26600 18.8521 0.1057 501.0373 423.2924 5.74 1281
7459.19291 18.7584 0.0475 89.6996 212.8151 4.46 1192
7459.21595 18.5515 0.1195 -954.2509 626.9009 5.02 920
7460.19026 18.8795 0.0625 614.7278 248.8803 5.41 1379
7460.21272 18.5477 0.0492 -975.2778 267.6159 5.77 1494
7460.23497 18.7242 0.0573 -69.4908 263.8245 6.31 1360
7460.25699 18.5406 0.0668 -1015.1290 362.4737 7.54 1308
7460.27878 18.6933 0.0719 -217.8241 338.3010 8.04 1332
7461.23186 18.7943 0.0590 251.3303 254.3167 5.90 1349
7461.25437 18.9221 0.0769 785.5822 292.4347 6.48 1278
7462.17785 18.7590 0.0639 92.5983 284.1314 5.76 1478
7462.19944 18.6670 0.0537 -347.1323 261.1543 6.13 1397
7462.22069 18.9376 0.0686 846.2240 258.2514 5.91 1386
7462.24217 18.8503 0.0623 493.4222 255.0054 5.80 1380
7462.26363 19.3441 0.1372 2163.0733 344.1818 8.58 1492
7462.28866 18.8441 0.0823 467.0334 335.3783 6.14 1466
7465.17126 18.7281 0.0529 -51.2639 243.1913 4.78 1274
7465.19232 18.7970 0.0600 263.1863 258.1020 5.72 1163
7465.21659 18.7468 0.0593 36.1987 267.1492 5.92 1244
7467.21133 18.6719 0.0686 -322.9993 329.7909 6.60 1384
7467.23215 18.6185 0.0601 -594.1466 304.8585 6.73 1258
7467.25414 18.9714 0.0697 975.5038 254.2353 5.81 1234
7467.27623 18.7412 0.0496 10.0811 225.7748 5.32 1309
7469.19172 18.9086 0.0966 732.3642 368.8007 7.82 2112
7469.21599 18.5916 0.0738 -735.9535 380.9640 7.29 1818
7469.23751 18.7675 0.0673 131.1571 296.3251 6.76 1681
7469.25939 18.9705 0.0784 972.1525 284.9893 6.17 1623
7470.15994 18.7159 0.0667 -108.7681 308.1125 6.79 1857
7470.18111 18.8000 0.0681 276.4792 290.7989 6.03 1822
7470.20258 18.7227 0.0599 -76.4679 275.7675 5.56 1686
7470.22409 18.7933 0.0612 247.1376 263.8209 5.78 1650
7470.24583 18.7998 0.0532 275.7205 228.8316 4.87 1543
7470.26781 18.7475 0.0397 39.3311 180.1467 3.46 1441
7471.18556 18.8355 0.0560 430.7472 232.6926 3.92 2001
7471.20674 18.7072 0.0387 -150.6003 182.7419 3.24 1812
7471.23063 18.7763 0.0409 170.9957 180.8131 3.38 1752
7471.25416 18.7314 0.0400 -35.5487 184.4508 3.41 1678
7471.27663 18.7780 0.0396 178.8414 175.0407 3.34 1516
7472.15170 18.9318 0.0712 823.7920 269.2055 5.67 2137
7472.17269 18.8301 0.0542 407.6322 226.6673 3.70 1887
7472.19768 18.7794 0.0518 184.7862 227.4794 3.27 1796
7472.21962 18.7414 0.0429 11.2174 195.5321 3.52 1768
7472.24151 18.7043 0.0447 -164.5198 210.8944 3.05 1684
7472.26311 18.6291 0.0608 -539.5251 305.1416 2.43 2510
7472.28441 18.7566 0.0380 81.3725 171.2110 2.91 2174
7473.15583 18.8181 0.0592 355.8367 249.8241 5.10 1826
7473.17807 18.8955 0.0709 679.7773 277.1044 6.18 1703
7473.19950 18.7604 0.0465 99.0143 208.0124 3.92 1664
7473.22138 18.8521 0.0509 500.7997 209.1027 3.81 1690
7473.24374 18.7585 0.0483 90.3414 216.5000 3.97 1652
7473.26664 18.7489 0.0426 45.7298 193.2057 3.65 1662
7473.28762 18.7969 0.0492 262.7005 212.5069 4.11 1751
7474.14736 18.6006 0.0691 -688.3455 354.8250 7.52 2146
7474.16892 18.7631 0.0657 110.9342 290.7253 6.14 2019
7474.18998 18.8107 0.0898 323.4834 376.2376 5.33 1855
7474.21109 18.7938 0.0553 249.2572 238.9607 4.67 1823
7474.25914 18.8581 0.0458 526.0304 187.4627 3.32 1691
7474.28034 18.8389 0.0465 445.1950 193.4940 2.90 1639
7475.13310 18.7389 0.0549 -0.2589 249.4827 4.98 1986
7475.15484 18.7874 0.0801 220.8939 344.3260 5.06 1909
7475.17758 18.7910 0.0529 236.9109 229.2885 4.23 1786
7475.19934 18.8852 0.0506 637.9800 201.6618 3.63 1726
7475.22088 18.8645 0.0469 552.5386 190.7330 3.40 1710
7475.24243 18.8269 0.0467 393.8089 196.4082 3.50 1702
7475.26428 18.7585 0.0419 90.0025 188.4080 3.36 1724
7475.28601 18.8397 0.0591 448.4093 244.5259 3.80 2091
7476.15606 18.8316 0.0681 413.8680 282.6461 5.34 2493
7476.17683 18.7845 0.0597 207.5916 259.8882 4.62 2300
7476.19752 18.8077 0.0554 310.2454 236.4748 4.05 1996
7476.22105 18.8395 0.0595 447.7815 246.0705 4.03 2225
7478.18261 18.5744 0.0724 -829.0002 379.9501 6.95 2905
7478.22476 18.8075 0.0989 309.7316 413.9379 7.78 2733
7478.26661 18.4271 0.0654 -1685.0958 394.3570 6.90 2714
7479.14117 18.7246 0.0423 -67.5889 196.0175 3.76 1673
7479.16257 18.8269 0.0431 393.8942 181.7086 3.18 1535
7479.18429 18.8196 0.0422 362.3518 179.0466 3.13 1541
7479.20680 18.8350 0.0423 428.2879 177.0270 3.21 1546
7479.22913 18.7313 0.0376 -35.8854 173.7500 3.21 1643
7479.25041 18.7484 0.0377 43.5024 171.5092 2.95 1521
7479.27396 18.7827 0.0427 199.8528 187.6058 3.20 1533
7480.12948 18.5135 0.1389 -1168.7391 748.1386 6.41 1592
7480.15221 18.7027 0.0618 -172.3058 289.6667 4.26 1441
7480.17416 18.7412 0.0511 10.1603 232.3394 3.90 1126
7480.19301 18.8248 0.0453 384.6003 190.9733 3.80 951
7480.21296 18.8267 0.0733 392.6762 305.0104 3.52 988
7480.23215 18.8096 0.0487 318.7660 208.1075 3.91 944
7480.24939 18.7662 0.0338 125.3521 151.2612 3.11 930
7480.26813 18.8545 0.0472 510.8867 193.5633 3.31 929
7480.29100 18.7885 0.0385 225.5994 168.5935 3.26 874
7481.12727 18.7776 0.0565 176.9571 247.6952 5.51 1019
7481.14716 18.6382 0.0753 -492.4451 372.1266 6.44 1104
7481.16777 19.5458 0.2697 2654.7253 529.7735 7.59 1099
7481.18705 18.9363 0.1180 841.2817 434.9214 5.62 1067
7481.20662 18.8341 0.1118 424.5451 454.0055 6.60 1109
7482.18804 18.7993 0.0869 273.5568 368.3672 7.84 1025
7483.15469 18.6508 0.0611 -428.6572 300.2791 5.47 862
7483.17428 18.8483 0.0564 484.6637 231.6799 5.42 846
7483.19804 18.7879 0.0509 223.0383 221.8624 4.82 851
7483.21657 18.7636 0.0541 113.2913 240.6611 5.05 882
7483.24067 18.9047 0.0565 716.7076 220.5722 5.21 887
7483.26125 18.7821 0.0573 196.8419 250.3046 5.78 959
7483.28279 18.7101 0.0484 -136.7922 226.6592 5.12 999
7484.11969 18.7163 0.0494 -106.9025 230.1515 4.38 947
7484.13897 18.8325 0.0645 417.7136 267.8121 4.59 937
7484.15731 18.7585 0.0548 89.9388 244.8213 4.45 934
7484.17557 18.8232 0.0764 377.6371 318.2550 7.72 974
7484.19425 18.7514 0.0784 57.6564 348.6078 7.60 938
7484.21332 18.6778 0.1130 -293.5927 529.4774 5.81 934
7484.23449 18.8955 0.0600 679.5661 235.5022 5.71 908
7484.25358 18.7415 0.1139 11.7311 503.1344 5.76 894
7484.27230 18.6294 0.0931 -537.7087 460.1936 7.40 960
7484.29305 18.9277 0.0763 807.5767 288.7799 5.71 960
7485.10544 18.5989 0.0543 -697.4557 280.7675 5.81 972
7485.12970 18.8034 0.0707 291.4496 301.0051 5.37 930
7485.15210 18.6920 0.0652 -224.0594 308.3685 5.95 896
7485.17081 18.9283 0.0497 810.1331 190.4258 4.28 891
7485.18903 18.7777 0.0379 177.4183 167.4843 3.44 854
7485.20723 18.8896 0.0602 655.8902 237.8211 3.76 895
7485.22638 18.7790 0.0706 183.1533 307.3778 3.37 900
7485.24496 18.8591 0.0828 530.3233 332.8588 3.50 925
7485.26371 18.8632 0.0607 547.4255 245.6082 2.99 895
7485.28285 18.7119 0.0530 -127.7775 247.2667 3.16 864
7487.12752 18.8180 0.0524 355.2454 221.6582 4.30 924
7487.15180 18.7236 0.0398 -72.5197 184.7020 3.92 949
7487.17566 17.9522 0.3536 -5387.2237 2905.0318 4.50 558
7487.25363 18.7885 0.0348 225.5934 152.5873 3.29 880
7487.28017 18.7839 0.0409 204.9383 179.4852 3.41 914
7488.09816 18.5895 0.1429 -747.1921 716.6822 4.54 846
7488.13747 18.8382 0.0587 441.9445 243.3247 3.89 958
7488.15641 18.7821 0.0445 197.1600 195.2256 3.43 952
7488.17573 19.1314 0.6572 1535.4936 1601.6854 4.78 674
7488.23623 18.8243 0.0602 382.4317 252.2755 3.41 869
7488.25677 18.7579 0.0598 87.3332 266.5075 4.10 872
7488.27693 18.9496 0.1092 892.7915 399.1356 3.69 718
7489.14827 18.8292 0.0917 403.6804 377.1821 5.89 1018
7489.16807 18.6618 0.1991 -372.9299 910.6659 6.45 990
7489.18829 19.2075 0.2437 1774.5382 661.0040 6.57 990
7489.24914 18.6428 0.1319 -469.0103 633.0061 5.16 957
7489.26781 18.6906 0.0975 -231.0057 454.4843 5.31 997
7489.29051 18.8185 0.0739 357.3892 309.4217 5.76 1009
7490.18271 19.3011 0.1503 2045.9561 389.9259 8.41 1088
7490.20168 18.5707 0.0629 -848.9230 332.5739 7.45 986
7490.22419 18.8689 0.0527 571.0004 212.7198 5.06 929
7490.24315 18.7356 0.0407 -15.7018 186.9675 4.00 937
7490.26209 18.8514 0.0435 497.7671 179.3077 3.31 893
7490.28391 18.7917 0.0392 239.8006 171.1350 3.11 906
7492.16268 18.7041 0.0592 -165.4457 277.3303 5.97 951
7492.18021 18.7438 0.0625 22.2869 281.8839 6.30 991
7492.19999 18.7352 0.0585 -17.9720 266.3468 6.46 1003
7492.21790 18.6449 0.0577 -458.1249 285.7057 5.72 1013
7492.23645 18.8561 0.0856 517.7238 344.4056 7.16 1000
7492.25400 18.7062 0.0481 -155.5162 225.9383 5.17 918
7492.27558 18.6686 0.0557 -339.2153 270.2661 5.81 869
7493.08358 18.3198 0.0632 -2385.6924 421.1801 8.16 1126
7493.11022 18.7742 0.0788 161.6605 342.9821 7.22 1053
7493.12943 18.6964 0.0810 -202.8108 378.7609 7.26 1042
7493.14916 18.9311 0.1140 821.0633 422.7397 8.21 1017
7493.16754 18.7115 0.0609 -129.6631 283.2107 5.23 947
7493.18552 18.5229 0.0748 -1114.8032 411.2083 5.62 929
7493.20346 18.9570 0.0644 921.1117 238.6816 4.07 941
7493.22186 18.7687 0.0407 136.7408 181.3463 3.83 908
7493.24066 18.7940 0.0524 249.9550 226.9730 3.58 880
7493.26007 19.0216 0.0760 1160.2784 263.9425 3.66 891
7493.28116 18.6680 0.0412 -342.0942 201.0769 3.93 873
7494.09458 18.4966 0.0869 -1266.4558 486.8940 4.15 1446
7494.11212 18.8569 0.1025 520.9318 409.0203 4.18 1141
7494.13145 18.6353 0.0572 -507.3106 285.7412 3.71 1029
7494.15013 18.7218 0.0518 -80.7366 239.8520 4.24 941
7494.16766 18.8180 0.0672 355.3464 282.4659 3.88 982
7494.18618 18.9362 0.0579 840.7401 219.1255 3.97 943
7494.20806 18.7832 0.1028 201.9387 438.9624 3.89 909
7494.22662 18.7208 0.1094 -85.6082 493.5828 3.67 853
7494.24629 18.7283 0.1405 -50.3694 620.6514 4.32 848
7494.26918 18.7281 0.1662 -51.0116 725.6820 4.88 667
7494.29014 19.1497 0.2649 1594.6229 750.8300 5.53 777
7495.08029 18.4411 0.1902 -1598.4883 1070.5749 5.13 2120
7497.08297 18.6004 0.0695 -689.3231 356.4787 5.90 1421
7497.10348 18.8403 0.0683 450.9641 281.3300 4.87 1299
7497.12351 18.7361 0.0552 -13.4419 251.4926 4.91 1235
7497.18777 18.7539 0.0593 68.8904 265.6171 4.78 1151
7497.20653 18.5954 0.0495 -715.8196 257.7180 4.76 1103
7498.07035 18.6270 0.0462 -550.0842 233.7564 4.56 1524
7498.08852 18.8426 0.0586 460.6362 241.8915 4.92 1415
7498.10668 18.8107 0.0576 323.7530 244.8198 4.22 1381
7498.12626 18.7407 0.0507 7.7881 230.7046 4.67 1307
7498.14541 18.7903 0.0536 233.8059 232.6826 4.76 1223
7498.16566 18.5379 0.0460 -1030.4591 252.6133 5.54 1202
7498.18709 18.8899 0.0582 657.0515 230.0665 4.81 1178
7498.20861 18.7362 0.0523 -13.2476 238.8885 4.71 1100
7498.22876 18.5801 0.0465 -798.0936 245.9013 4.73 1110
7498.27679 18.7279 0.0531 -51.9947 244.0941 5.42 1002
7498.29890 18.6618 0.0534 -373.3079 260.8882 5.37 989
7499.06808 18.9118 0.0704 745.0981 270.9254 4.37 1578
7499.08772 18.7928 0.0588 244.9761 254.0427 4.59 1454
7499.10576 18.6522 0.0462 -421.5775 228.6258 4.45 1358
7499.12531 18.7066 0.0558 -153.4816 261.1994 5.58 1308
7499.14418 18.8907 0.0803 660.1428 313.9251 4.86 1262
7499.16280 18.9596 0.0916 930.9570 334.2641 5.56 1232
7499.18012 18.8055 0.0623 300.8561 265.5510 5.64 1228
7499.19831 18.9534 0.0851 907.0877 313.4161 7.01 1181
7499.21808 18.8228 0.0599 376.1374 251.7069 5.69 1147
7499.23696 18.8301 0.0569 407.3951 237.5870 4.65 1113
7499.26189 18.7537 0.0506 68.2369 227.2286 4.10 1150
7499.28467 18.8326 0.0512 418.1212 214.1165 3.01 1072
7500.08370 18.7977 0.0595 266.2537 255.6417 4.82 1822
7500.10191 18.9197 0.0684 776.3717 261.8937 4.85 1736
7500.11971 18.8177 0.0625 354.1210 263.5233 5.16 1664
7500.13889 18.8989 0.0732 693.4024 284.9503 4.82 1559
7500.16224 18.8060 0.0517 303.0924 221.5021 4.08 1463
7500.17979 18.7881 0.0525 223.8705 228.3678 4.43 1445
7500.19696 18.8665 0.0487 560.9820 197.3767 3.54 1417
7500.21506 18.7613 0.0434 102.9718 194.3265 3.43 1367
7500.23558 18.7903 0.0468 233.4903 203.6398 3.18 1326
7500.25841 18.8020 0.0677 285.6234 288.7728 2.70 1385
7500.27820 18.7326 0.0434 -29.9081 199.4007 2.90 1405
7500.29702 18.7187 0.0439 -95.7270 204.3324 2.72 1440
7501.06647 18.7786 0.0927 181.3240 399.3853 6.31 2405
7501.12023 18.6507 0.0766 -428.8717 374.0921 6.86 2004
7501.14029 18.5208 0.0869 -1126.7727 476.2359 8.32 1981
7501.17865 18.5124 0.0748 -1174.9227 415.2778 7.24 1694
7501.19809 18.3494 0.0720 -2185.4169 465.1757 8.43 1669
7501.23603 18.8817 0.1170 623.4634 453.5928 8.10 2196
7501.25651 18.7346 0.0644 -20.4836 292.5837 5.38 1518
7501.27730 18.7772 0.0634 174.8357 277.3972 5.31 1578
7501.29645 18.6841 0.0636 -262.3536 302.7747 5.94 1633
7507.06439 18.8802 0.0806 617.3590 318.1482 4.66 2329
7507.08836 18.8099 0.0614 319.9679 260.9302 4.33 1533
7507.11037 18.7036 0.0768 -167.6772 357.0720 4.50 2205
7508.06467 18.5941 0.5820 -722.5923 2400.7844 5.72 1180
7508.08804 18.2514 0.3555 -2870.2646 2215.1488 6.13 1781
7512.12657 18.9830 0.0912 1019.0987 325.8856 6.39 1051
7512.15003 18.7677 0.0770 132.2607 337.6546 6.82 1033
7512.17599 18.8369 0.0672 436.7499 277.5289 5.68 1041
7512.19838 18.6591 0.0553 -386.7387 270.4794 6.11 1079
7512.22130 18.6869 0.0573 -248.8317 273.2665 5.88 1050
7512.25136 18.6909 0.0573 -229.4541 271.9998 5.89 1146
7512.27478 18.6657 0.0517 -353.5775 251.9043 5.38 1135
7512.29748 18.7951 0.0572 255.0103 246.6806 5.00 1213
7513.04591 18.6232 0.0463 -569.9138 235.1568 4.84 1307
7513.07224 18.7893 0.0519 229.3550 225.6391 4.45 1115
7513.09685 18.8389 0.0492 445.0377 204.6568 4.45 962
7513.12318 18.7151 0.0428 -112.5049 200.0939 4.14 1074
7513.14820 18.8084 0.0451 313.6402 193.2935 3.24 1084
7513.17381 18.7702 0.0421 143.2342 186.9541 3.51 1009
7513.19996 18.8076 0.0388 309.8665 166.9068 3.21 955
7513.22963 18.8007 0.0495 279.6554 213.0524 3.62 1025
7513.25501 18.8231 0.0420 377.5074 177.6021 3.50 1044
7513.28635 18.7699 0.0393 142.2822 175.0682 3.07 1048
7514.04233 18.7681 0.0564 133.8320 249.6336 5.01 1209
7514.06863 18.6382 0.0569 -492.3213 283.4883 4.76 1097
7514.09239 18.7382 0.0541 -3.9534 246.3759 5.21 1053
7514.11594 18.6872 0.0581 -247.6410 276.6965 3.85 1067
7514.13913 18.6323 0.2518 -522.6958 1156.1569 5.10 999
7514.16269 18.8194 0.0832 361.1709 346.6967 3.83 1071
7514.18593 18.8444 0.0751 468.2469 307.1791 3.14 1029
7514.23300 18.3198 0.1468 -2385.6464 942.1666 4.07 916
7514.25879 18.6846 0.0364 -259.9033 175.4152 3.15 1002
7514.28192 18.7911 0.1203 237.2781 506.2879 3.07 1043
7514.30484 18.7026 0.0532 -172.8158 250.2213 3.15 1052
7515.04784 18.7429 0.0617 18.0807 278.8347 4.74 1201
7515.07086 18.7551 0.0449 74.3247 202.1435 3.99 1131
7515.09557 18.7024 0.0452 -173.4786 213.5284 4.41 1166
7515.12335 18.7849 0.0735 209.4528 317.7891 4.24 1006
7515.14737 18.7849 0.0441 209.5772 193.1364 4.03 1001
7515.17297 18.8169 0.0512 350.4921 216.9584 4.31 1061
7515.19667 18.7462 0.0467 33.6646 211.5567 4.22 1154
7515.23061 18.8158 0.0514 345.8556 217.9988 4.06 1102
7515.25513 18.7839 0.0465 205.1862 203.5247 4.02 1096
7515.27843 18.7689 0.0713 137.4959 312.9472 3.58 1190
7515.30234 18.5411 0.1206 -1012.2628 638.8020 4.73 1195
7516.12594 18.7532 0.2195 66.0095 914.5738 4.91 860
7516.14982 19.3034 1.7883 2052.3974 2430.6379 5.42 784
7516.17827 18.8352 0.5991 429.3173 1965.1364 4.68 819
7520.08480 18.7099 0.0775 -137.2932 358.1236 6.84 1092
7520.15480 18.5529 0.0977 -946.8020 517.2294 6.68 1081
7520.17899 18.6211 0.0687 -580.8920 345.9334 7.87 1087
7520.22433 18.5348 0.0701 -1047.4007 381.9058 8.79 1180
7520.27699 18.7936 0.0875 248.4898 372.8766 8.38 1143
7520.30016 18.3782 0.0605 -1995.9908 382.3407 6.95 1201
7522.02835 18.7810 0.0684 192.2984 297.3222 5.76 1195
7522.05209 18.6205 0.0493 -584.0868 250.7097 5.26 1121
7522.07373 18.7415 0.0480 11.8760 218.4266 3.88 1019
7522.09827 18.8777 0.0941 606.9708 370.0220 6.79 1083
7522.12358 18.8124 0.0564 330.9874 239.3802 4.61 1062
7522.14755 18.9040 0.0586 713.9956 228.4008 4.68 1006
7522.17110 18.8054 0.0519 300.4050 222.4211 4.34 1063
7522.19350 18.7718 0.1208 150.5703 517.0957 5.36 1036
7522.21790 18.5136 0.0577 -1168.3119 322.6045 5.28 1128
7522.24159 18.6298 0.0659 -535.5082 329.8980 5.70 1086
7522.27063 18.6678 0.0545 -343.0943 264.5629 6.32 1174
7522.29430 18.8069 0.0727 306.7483 307.9092 5.36 1263
7523.02415 18.7445 0.0717 25.7568 321.9882 3.07 1132
7523.04974 18.8026 0.0490 287.9366 210.6359 3.77 1071
7523.07398 18.7913 0.0504 237.9708 218.9597 3.55 994
7523.09859 18.7813 0.0358 193.2661 157.9661 3.01 979
7523.12632 18.7875 0.0392 221.0063 171.6611 3.59 1050
7523.17500 18.7889 0.0390 227.4453 170.4726 3.09 1154
7523.20242 18.8344 0.0449 425.7819 188.0256 3.55 1122
7523.22859 18.7360 0.0356 -13.8478 163.5980 3.11 1103
7523.25443 18.8522 0.0547 501.2661 224.0095 3.25 1094
7523.27871 18.7545 0.0827 71.8059 366.0558 3.35 1115
7523.30265 18.6728 0.0500 -318.1247 242.0200 4.10 1042
7527.05774 18.8208 0.1042 367.4839 429.5801 7.96 1500
7527.08102 18.8513 0.1052 497.5916 421.6428 6.85 1455
7527.10518 18.5406 0.0649 -1014.8459 352.5611 6.54 1410
7527.13076 18.5961 0.0611 -712.3489 315.8022 7.66 1362
7527.15362 18.5557 0.0613 -930.9856 328.8894 6.52 1306
7527.17664 18.9010 0.0766 701.6176 297.2621 6.22 1308
7527.19952 18.7930 0.0724 245.4724 310.7488 6.40 1381
7527.22314 18.8835 0.1112 630.8441 431.6200 8.18 1410
7527.24593 18.7803 0.1425 189.0531 599.3323 5.88 1318
7527.26931 18.7955 0.0656 256.8774 281.8744 5.77 1159
7527.29377 18.8307 0.0621 410.0044 258.7771 5.49 1249
7528.01303 18.5483 0.0603 -972.0610 326.1788 6.01 1818
7528.03628 18.7253 0.0754 -64.3761 343.9433 5.63 1609
7528.05915 18.5562 0.0627 -928.5735 336.4389 5.99 1566
7528.08237 18.6707 0.0783 -328.5875 375.2019 6.72 1502
7528.10590 19.0295 0.1067 1188.3756 362.7305 6.78 1429
7528.13389 18.5749 0.0673 -825.8233 353.7256 6.74 1439
7528.15710 18.7577 0.0892 86.3920 392.6231 8.46 1407
7528.20306 18.4289 0.0829 -1673.5738 495.1808 8.59 1506
7528.22651 19.0447 0.1359 1242.4913 449.5665 7.45 1749
7528.25014 19.3516 0.1572 2183.2386 388.2476 6.86 1458
7528.27343 18.6923 0.0842 -222.3231 394.1824 8.63 1455
7528.29709 18.8878 0.0913 648.3535 356.0302 7.50 1370
7529.07669 18.7013 0.0684 -178.7682 320.2437 3.36 1698
7529.09978 18.7025 0.0442 -172.8675 209.0365 3.05 1520
7537.96617 18.6750 0.0645 -307.6072 309.8346 7.04 1127
7537.98977 18.5677 0.0655 -865.1832 346.8267 6.92 1072
7538.01489 18.6690 0.0644 -337.2040 311.1157 6.04 1056
7538.03812 19.0839 0.0917 1377.7704 298.6010 6.42 1027
7538.06249 18.6687 0.0488 -338.5041 237.2878 5.44 983
7538.08582 18.7938 0.0539 248.9759 233.0805 4.73 976
7538.12525 18.7214 0.0404 -82.8753 188.0517 3.77 994
7538.14847 18.7394 0.0428 1.9245 195.7578 3.78 1007
7538.17196 18.8472 0.0459 480.1510 189.7028 3.31 966
7538.19566 18.7952 0.0464 255.4897 201.1870 4.19 1028
7538.21976 18.7882 0.0476 224.2561 207.4377 3.47 968
7538.24772 18.7719 0.0400 151.2844 177.5049 3.44 1044
7538.27043 18.7440 0.0507 23.3863 229.9335 3.67 1131
7538.29403 18.7212 0.0436 -83.7943 202.7885 3.90 1250
7538.97686 18.8065 0.0621 305.0478 264.3158 5.60 994
7539.00028 18.7621 0.0583 106.4842 259.1277 5.50 1000
7539.02334 18.9663 0.0912 956.2842 330.7672 6.87 1007
7539.04736 18.6824 0.0548 -271.1542 262.6629 6.04 957
7539.07103 18.7478 0.0563 41.0053 253.9516 5.06 927
7539.09371 18.7551 0.0474 74.5716 213.0434 4.64 967
7539.12690 18.7454 0.0616 29.8577 277.3880 3.36 940
7539.15297 18.8191 0.0480 360.2166 203.5669 4.48 992
7539.17690 18.7417 0.0583 12.7475 264.1982 5.17 993
7539.20575 18.8188 0.0464 358.5541 196.6860 4.25 954
7539.23007 18.7200 0.0464 -89.3072 215.6414 4.37 969
7539.25881 18.6855 0.0463 -255.7970 222.0517 4.98 959
7539.28276 18.8544 0.0819 510.4096 330.7381 7.08 1101
7539.30811 18.6751 0.0532 -307.0769 256.9801 6.10 1095
7539.96172 18.8091 0.0482 316.5962 206.1962 4.15 1104
7539.96308 18.7055 0.0489 -158.8414 230.1240 3.86 1105
7539.96444 18.7410 0.0423 9.3195 193.1897 3.73 1082
7539.96589 18.8193 0.0460 360.8009 195.0743 3.90 1080
7539.96732 18.6886 0.0452 -240.4599 216.3526 4.22 1043
7539.96869 18.5987 0.0460 -698.5281 239.1337 4.75 1058
7539.97006 18.7407 0.0453 7.7988 206.7750 4.26 1041
7539.97158 18.6882 0.0393 -242.3313 188.6777 3.89 1013
7539.97308 18.8063 0.0434 304.3397 186.5969 4.04 1026
7539.97451 18.7843 0.0418 206.9341 183.4018 3.86 999
7539.97605 18.7731 0.0550 156.4675 242.2144 3.79 999
7539.97748 18.7062 0.0467 -155.1094 219.6870 3.87 1017
7540.00089 18.7569 0.0538 82.6987 240.8021 4.05 918
7540.02571 18.7515 0.0401 58.0143 181.6042 3.34 916
7540.04893 18.7282 0.0422 -50.5767 194.9336 2.85 817
7540.07269 18.7472 0.0409 38.2171 185.5980 2.78 820
7540.09789 18.7664 0.0385 126.0348 171.8862 2.84 868
7540.12218 18.7942 0.0390 250.9125 169.6439 3.47 907
7540.15123 18.8798 0.0559 615.7407 222.9907 4.28 926
7540.18155 18.7522 0.0496 61.3874 223.2994 4.94 987
7540.20548 18.6941 0.0399 -213.7169 190.5715 3.92 1000
7540.22882 18.8016 0.0561 283.6490 240.8550 4.25 1050
7540.25211 18.7222 0.0677 -79.0967 310.8370 5.53 1111
7540.28212 18.8453 0.0473 472.1055 195.5017 3.82 1188
7540.30686 18.7100 0.0860 -137.0867 396.0141 3.94 1192
7540.31715 18.7049 0.0482 -161.6115 226.8939 4.30 1183
7547.99031 18.5677 0.0690 -865.1976 364.8354 8.51 971
7548.01462 19.0206 0.1075 1156.6785 368.3249 8.00 874
7548.08106 18.6220 0.0613 -576.1996 309.3455 5.71 822
7551.95078 18.8587 0.0482 528.5044 196.9416 4.14 961
7551.97415 18.7826 0.0470 199.1674 206.0437 4.43 929
7551.99852 18.9928 0.1509 1055.2327 520.0307 7.38 1018
7552.02407 18.7406 0.0436 7.5206 198.8319 4.57 895
7552.04947 18.7290 0.0507 -46.6704 233.0583 5.90 863
7552.07346 18.7620 0.0485 106.0188 216.3487 5.43 919
7552.09781 18.7063 0.0420 -155.0412 198.2168 4.70 842
7552.12167 18.7381 0.0509 -4.1629 232.1868 4.47 858
7552.14473 18.6672 0.0439 -346.0836 214.3149 4.49 977
7552.16833 18.7282 0.0545 -50.5506 250.3595 5.15 1059
7552.19657 18.5994 0.0585 -694.7417 302.0883 5.87 1121
7552.22037 18.8221 0.0794 372.9031 330.5898 5.93 1148
7552.24387 18.4762 0.0541 -1386.3804 313.5362 6.43 1198
7552.26696 18.5365 0.0809 -1038.0680 438.1673 8.63 1210
7552.95361 18.7102 0.0398 -136.0546 187.2116 3.71 925
7552.97997 18.5780 0.0461 -809.3488 244.1670 4.16 889
7553.00524 18.7285 0.0480 -49.3403 220.9414 4.18 866
7553.02883 18.7149 0.0342 -113.5557 160.4207 3.45 803
7553.05396 18.7416 0.0526 12.2979 238.8462 4.56 854
7553.08119 18.7234 0.0385 -73.1752 179.0730 3.58 863
7553.10911 18.6447 0.0343 -459.3815 171.6382 3.54 908
7553.14127 18.6530 0.0450 -417.2525 222.2606 4.61 936
7553.16784 18.6955 0.0522 -207.0715 247.3286 4.92 920
7553.19354 18.6490 0.0392 -437.6266 194.8174 4.13 930
7553.21927 18.7077 0.0409 -147.8855 192.8558 3.39 887
7553.26689 18.7306 0.0807 -39.4095 365.4348 4.03 971
7553.28032 18.7695 0.0471 140.3187 209.1601 4.67 1030
7553.95733 18.5063 0.0783 -1210.1419 436.2642 8.89 1248
7553.98448 18.4752 0.0524 -1392.2057 303.9432 6.09 1037
7554.00800 18.6053 0.1193 -663.5649 595.9590 6.53 1076
7554.03224 18.4669 0.0812 -1441.7857 468.5696 6.29 1656
7554.05514 18.8023 0.1818 286.7850 736.2869 5.41 1859
7554.07828 18.4969 0.0991 -1264.9749 551.9949 4.96 1664
7554.10300 18.6995 0.0530 -187.8073 250.2622 2.99 1030
7554.12882 18.5912 0.0382 -738.0658 200.5877 2.86 911
7554.15134 18.5871 0.0597 -760.5066 311.5400 3.07 1026
7554.17431 18.7115 0.0414 -129.8804 194.2969 3.14 907
7554.19782 18.6967 0.0395 -201.2092 188.1713 3.02 916
7554.22184 18.6750 0.0477 -307.3427 230.8086 3.67 906
7554.25758 19.5138 0.4736 2582.7201 876.7680 4.17 295
7554.95089 18.6347 0.0475 -510.6188 238.7228 4.29 1169
7554.97663 18.7956 0.0505 257.1262 218.5155 4.22 1116
7555.00233 18.6545 0.0442 -409.8987 218.4536 4.91 1072
7555.02889 18.6812 0.0422 -276.8314 203.7450 4.37 1024
7555.05402 18.7721 0.0420 152.1832 186.2549 3.13 992
7555.08072 18.6902 0.0399 -232.7405 191.2594 3.70 1036
7555.10695 18.7004 0.0371 -183.1728 176.0077 3.05 918
7555.13209 18.6767 0.0470 -298.9514 227.2595 2.85 970
7555.15620 18.7067 0.0374 -153.0948 176.5726 2.68 957
7555.16827 18.7021 0.0520 -175.1610 244.9877 2.77 995
7555.19284 18.7003 0.0317 -183.6201 151.1693 2.73 956
7555.21704 18.6130 0.0348 -623.0327 179.2352 3.38 877
7555.24063 18.7036 0.0454 -167.8676 214.0308 3.86 911
7555.28055 18.6219 0.0449 -576.4467 228.5864 4.26 972
7565.12788 18.0289 0.0422 -4674.8007 371.5992 8.73 1072
7565.14586 18.0322 0.0264 -4644.6050 232.9811 5.19 915
7565.16815 18.1092 0.0273 -3979.8435 224.4362 4.04 933
7565.18606 18.0878 0.0537 -4160.4970 445.0215 4.70 1860
7565.20692 17.9669 0.1041 -5246.6366 942.5785 4.72 2529
7567.98684 16.7862 0.0162 -25521.9506 453.7243 8.24 1088
7568.89245 16.3441 0.0077 -40896.9314 323.7311 4.70 1174
7568.91060 16.3554 0.0079 -40420.5668 329.4272 4.57 1083
7568.92895 16.3398 0.0065 -41076.4877 276.5295 4.50 1062
7568.94611 16.3634 0.0066 -40083.7210 275.1698 4.62 1069
7568.96333 16.3663 0.0067 -39965.2385 277.8516 3.71 1077
7568.98161 16.3679 0.0078 -39898.0182 321.3518 3.30 988
7568.99896 16.4166 0.0083 -37928.2727 327.2986 4.02 1026
7569.01614 16.4154 0.0064 -37973.5339 252.7300 3.54 1050
7569.03353 16.4198 0.0077 -37799.1394 301.3435 3.36 1017
7569.05051 16.4432 0.0084 -36884.6418 322.9389 3.38 927
7569.06791 16.4758 0.0066 -35644.6654 245.2775 4.18 889
7569.08592 16.4924 0.0067 -35028.3146 246.1858 4.18 843
7569.10374 16.4356 0.0074 -37181.7262 287.6819 5.02 921
7569.12101 16.3836 0.0074 -39252.1447 299.9025 4.30 983
7569.13866 16.3693 0.0132 -39839.1350 541.6990 5.86 1002
7569.15580 16.4336 0.0090 -37259.6005 348.3262 4.55 950
7569.17315 16.5248 0.0076 -33848.5290 272.2175 5.30 1011
7569.19022 16.5821 0.0088 -31846.8845 298.5503 4.24 968
7569.20786 16.5975 0.0080 -31327.8796 265.9703 4.14 1011
7569.23849 16.6374 0.0097 -30015.8504 313.1281 6.11 1207
7569.99689 17.2232 0.0153 -15389.0079 285.8361 4.96 966
7570.01432 17.2988 0.0140 -14012.5950 244.0250 5.26 904
7570.03195 17.2389 0.0285 -15094.4943 521.5017 5.85 825
7570.04962 17.3017 0.0140 -13961.6346 243.2031 4.84 948
7570.06688 17.2629 0.0136 -14653.7872 245.9821 5.06 876
7570.08433 17.2500 0.0157 -14890.2087 286.2159 4.94 910
7570.10245 17.3104 0.0141 -13810.1484 243.5083 4.90 865
7570.11979 17.2910 0.0194 -14150.1274 339.9217 4.23 846
7570.13754 17.3577 0.0182 -13006.3000 300.8173 4.28 851
7572.94990 18.1532 0.0307 -3620.8591 242.2424 5.49 868
7572.96725 18.1926 0.0350 -3311.9325 265.8808 5.34 918
7572.98481 18.1958 0.0322 -3287.0256 243.9280 5.85 892
7573.00091 18.4004 0.0431 -1852.6594 269.0590 6.33 930
7573.02343 18.2246 0.0268 -3068.7485 198.1982 4.23 842
7573.04143 18.1738 0.0290 -3457.8148 224.5040 4.46 921
7573.05909 18.2632 0.0288 -2784.3770 205.1298 4.37 889
7573.07685 18.2765 0.0326 -2688.7531 228.9622 4.28 923
7573.09383 18.0826 0.0285 -4204.6498 240.5157 5.54 1010
7573.11133 18.2138 0.0291 -3149.4307 217.4306 4.68 983
7573.12876 18.1902 0.0292 -3329.9740 222.3875 4.28 1011
7573.14571 18.3069 0.0574 -2474.6502 388.1882 4.29 939
7573.16416 18.2579 0.0295 -2822.6991 211.5480 4.67 896
7573.18209 18.2708 0.0357 -2729.6329 252.3943 5.08 1001
7573.19985 18.1843 0.0344 -3376.2673 262.8738 5.97 1158
7573.22640 18.4326 0.0501 -1650.9710 302.6481 6.85 1148
7578.89045 18.5959 0.0524 -713.4087 272.3521 4.84 998
7578.90855 18.5057 0.0496 -1213.3894 280.2511 5.08 983
7578.92857 18.5656 0.0507 -876.9304 270.9750 5.83 983
7578.94576 18.6782 0.0530 -291.6092 255.1446 5.33 964
7578.96318 18.4614 0.0417 -1474.7198 246.6024 5.99 908
7578.98393 18.7170 0.0586 -103.4972 271.6369 6.34 813
7579.00162 18.5324 0.0641 -1061.1049 351.3090 8.59 875
7579.01952 18.6141 0.0704 -617.3627 356.6289 7.83 880
7579.03827 18.4680 0.0443 -1435.3654 259.9693 6.97 774
7579.06009 18.6042 0.0399 -669.2882 206.9105 4.67 713
7579.07762 18.6781 0.0567 -292.1661 272.5792 5.31 806
7579.09524 18.5672 0.0416 -868.1057 222.7186 5.18 760
7579.88910 18.6418 0.0647 -474.1651 320.1691 5.82 1141
7579.90652 18.6357 0.0724 -505.2715 359.3327 4.88 1039
7579.95852 18.8189 0.0701 359.3818 294.2803 5.02 1010
7579.98090 18.6620 0.0540 -372.1229 263.6591 5.09 971
7579.99857 18.6448 0.0469 -459.0710 233.6112 3.72 917
7580.01607 18.6147 0.0475 -614.1520 242.7720 3.44 871
7580.03340 18.6906 0.0413 -230.5750 197.4113 3.40 812
7580.05103 18.6330 0.0384 -519.4139 194.0072 3.80 829
7580.06940 18.6994 0.0448 -188.1755 212.4630 4.33 844
7580.08680 18.6082 0.0411 -648.3154 212.0037 3.99 791
7580.10389 18.5806 0.0379 -795.1765 201.0512 3.95 860
7580.12134 18.9620 0.2101 940.0336 725.4045 4.05 772
7580.13940 18.6153 0.0441 -610.8140 225.8012 5.06 875
7580.15657 18.7543 0.1534 70.6487 657.9169 3.92 820
7580.17401 18.2573 0.2232 -2827.0234 1466.4086 6.51 807
7580.20464 18.7411 0.0668 9.8918 301.6681 5.14 1011
7583.01800 18.7803 0.2995 189.1065 1174.7824 8.35 2240
7583.89020 18.7773 0.0652 175.5029 284.9942 6.00 1438
7583.90766 18.5219 0.0513 -1120.6013 285.5088 6.21 1361
7583.92519 18.6866 0.0620 -250.2713 294.8888 6.02 1340
7583.94242 18.6196 0.0566 -588.3426 287.0288 6.63 1263
7583.95974 18.7019 0.0642 -176.1899 300.6620 7.04 1308
7594.12165 18.9841 0.0779 1023.0693 279.7058 6.61 1094
7594.90715 18.5860 0.0593 -766.3462 309.9191 6.58 992
7595.00413 18.7959 0.0715 258.3748 306.3531 6.32 960
7595.02494 18.5887 0.0478 -751.9360 250.6555 5.39 931
7595.05247 18.7046 0.0570 -162.7919 267.3088 5.34 1007
7595.06999 18.6794 0.0521 -285.5251 250.6860 5.30 1075
7595.08772 18.6317 0.0606 -526.0892 303.2671 6.14 1133
7595.10619 18.5705 0.0597 -850.1156 316.5290 5.84 1138
7596.11821 18.8144 0.0976 339.8586 406.1942 6.30 918
7596.87950 18.9546 0.0864 911.6865 317.6015 6.79 1065
7596.89674 19.0922 0.1058 1405.9639 339.6807 6.50 953
7596.91607 18.6441 0.0696 -462.2154 343.0796 7.22 897
7596.91757 19.0322 0.0906 1198.2643 309.3322 6.64 939
7596.93345 18.6124 0.0539 -626.3882 275.3186 6.13 900
7596.95081 18.6427 0.0446 -469.4701 222.5913 5.36 801
7597.88661 18.7251 0.0609 -65.0659 279.7413 7.77 1042
7597.90698 18.6565 0.0818 -399.8747 396.2521 7.34 1056
7597.92438 18.9810 0.0768 1011.6979 276.5686 6.43 971
7597.94176 18.7729 0.0856 155.7681 371.8745 7.69 984
7597.96600 18.4792 0.0525 -1368.4966 303.8425 6.97 928
7597.98416 18.5549 0.0613 -935.4209 329.1823 7.72 849
7598.00469 18.5822 0.0606 -786.8479 317.5710 6.92 875
7598.02242 18.9617 0.1088 939.0705 393.3767 8.49 989
7598.04419 18.6994 0.0731 -188.1861 342.0349 7.75 915
7598.06132 18.7729 0.0722 155.8358 315.7759 7.53 903
7598.07898 18.7225 0.0420 -77.6514 194.9817 4.54 856
7598.09973 18.8372 0.0687 437.9867 283.4108 5.55 931
7598.10135 18.7042 0.0566 -164.9417 265.4184 4.39 911
7598.11887 18.5456 0.0560 -986.9186 304.0382 6.81 1031
7598.13603 18.5592 0.0481 -911.8208 258.7864 4.47 986
7598.15791 18.6733 0.0569 -315.6022 274.7819 6.23 1123
7598.88725 18.6703 0.0584 -330.7863 282.4243 5.85 944
7598.90506 18.7699 0.0501 142.1132 221.7182 5.00 911
7598.92330 18.7921 0.0541 241.6587 234.3345 4.89 839
7598.94045 18.7497 0.0430 49.6553 194.5860 3.48 838
7598.96087 18.8316 0.0498 413.7648 208.4724 4.18 842
7598.98186 18.7271 0.0375 -55.6774 173.6788 3.64 824
7599.00083 18.8401 0.0402 450.3495 167.7145 3.54 865
7599.01987 18.7360 0.0428 -14.1034 196.3201 2.66 833
7599.03745 18.7249 0.0312 -66.0377 145.3435 2.71 829
7599.05500 18.7762 0.0352 170.5028 156.2485 2.79 857
7599.07440 18.7017 0.0428 -176.8706 202.4903 4.42 974
7599.09247 18.7452 0.0447 29.0112 202.9399 2.85 945
7599.11171 18.7567 0.0612 81.9752 272.8455 5.52 1111
7599.12964 18.8389 0.0704 445.1385 289.9091 5.24 1092
7599.15242 18.7018 0.0648 -176.2952 303.3724 6.31 1219
7599.88449 18.6362 0.0613 -502.5818 305.5803 6.01 882
7599.90208 18.6996 0.1098 -187.1407 505.0982 5.66 784
7599.91955 19.2701 0.2150 1958.6405 557.5955 4.73 700
7599.93731 18.9956 0.1235 1065.4877 429.7076 5.26 730
7600.06787 18.7833 0.0770 202.2577 332.8270 5.89 837
7600.08603 18.9529 0.2012 905.3308 703.3713 5.47 662
7600.10383 19.3783 2.0120 2253.2042 2369.2716 8.24 622
7600.12139 18.5879 0.0543 -756.1217 283.8337 4.58 933
7600.14924 18.7597 0.0494 95.7595 221.0610 4.70 958
7600.87596 18.7116 0.0506 -129.4513 236.4728 5.00 983
7600.89604 18.8041 0.0628 294.8207 267.9957 4.25 965
7600.91511 18.7667 0.0422 127.4303 188.0713 3.88 930
7600.93304 18.6457 0.0418 -454.2193 208.3393 4.08 924
7600.95177 18.7402 0.0445 5.3985 203.0353 4.28 893
7600.97164 18.8003 0.0423 277.9056 182.8011 3.99 831
7600.99369 18.7178 0.0382 -99.7697 178.2934 3.37 805
7601.01164 18.8196 0.0395 362.1850 168.1123 3.54 790
7601.03917 18.7789 0.0434 182.6426 191.1235 2.95 798
7601.07959 18.8324 0.0433 417.2811 181.7819 3.42 842
7601.10138 18.7322 0.0395 -31.6861 182.1730 3.94 861
7601.13616 18.8020 0.0408 285.3260 176.0197 3.66 906
7601.14897 18.8050 0.0497 298.6690 213.0364 4.17 949
7601.95671 18.7131 0.0568 -122.0327 264.2037 5.03 846
7601.97657 18.8122 0.0685 330.1573 289.3509 4.06 713
7601.99451 18.6371 0.0978 -497.9660 478.9412 4.13 650
7602.01293 18.6524 0.0706 -420.2256 345.1858 4.79 657
7602.03167 18.6249 0.3623 -561.2292 1595.5981 4.60 497
7604.87027 18.6657 0.0450 -353.4869 219.6890 4.75 944
7604.88899 18.7567 0.0529 81.6422 236.8805 4.46 851
7604.90717 18.7877 0.0468 221.8913 204.4297 4.92 837
7604.92525 18.8003 0.0427 277.9722 184.6107 4.11 804
7604.94503 18.7939 0.0457 249.4617 198.3072 4.44 858
7604.96588 18.7611 0.0540 101.8691 240.8591 4.84 759
7605.91508 18.6978 0.0524 -195.8734 247.5909 5.94 955
7605.93415 18.8642 0.0545 551.3662 220.7631 4.08 869
7605.95273 18.7631 0.0638 111.1043 282.5975 5.99 894
7605.97475 18.5690 0.0626 -858.4273 331.9210 6.84 935
7606.01141 18.4426 0.0721 -1589.0672 427.2597 8.60 932
7606.03641 18.6782 0.0695 -291.7513 331.9958 7.56 974
7606.05521 18.5215 0.0546 -1123.0517 303.2190 6.64 899
7606.07430 18.6308 0.0544 -530.7358 273.4847 5.43 913
7607.87215 18.7433 0.0680 19.8208 306.3629 6.09 944
7607.88960 18.7015 0.0476 -178.0163 224.8671 5.16 984
7607.90750 18.9085 0.0593 731.9437 230.1710 4.44 954
7607.92513 18.6298 0.0537 -535.5854 270.3177 6.26 976
7607.94486 18.7897 0.0481 230.7700 209.5114 4.58 890
7607.96569 18.7213 0.0422 -83.3242 196.2541 4.05 932
7607.98423 18.7717 0.0497 150.2771 219.9987 5.34 923
7608.00195 18.7807 0.0427 190.6113 187.8766 4.00 894
7608.01910 18.8019 0.0426 285.0524 183.6555 4.07 880
7608.03708 18.7752 0.0612 165.9933 268.4240 4.98 871
7608.05527 18.7596 0.0412 95.0073 185.0339 3.89 843
7608.07351 18.8382 0.0581 442.1944 240.6080 4.89 841
7608.09115 18.7632 0.0513 111.7310 228.4218 5.12 833
7608.12720 18.6434 0.0421 -466.2262 210.2221 5.14 787
7608.88262 18.7313 0.0658 -35.9619 299.8578 6.19 1017
7608.90114 18.7719 0.0685 151.3401 300.3613 6.23 1002
7608.90270 18.7293 0.0609 -45.5019 278.8293 5.56 960
7608.92211 18.8190 0.0544 359.5645 229.9644 5.54 950
7608.94170 18.9267 0.0581 803.9141 222.0475 4.70 928
7608.96557 18.6955 0.0392 -207.1016 186.7393 4.08 903
7608.98955 18.8385 0.0627 443.2468 259.3014 4.53 889
7609.00764 18.7962 0.0474 259.7364 204.9891 4.02 879
7609.02598 18.7554 0.0450 75.6717 202.6310 4.34 876
7609.04351 18.8054 0.0421 300.3289 181.0454 4.06 808
7609.06178 18.7508 0.0429 54.9503 194.2015 4.43 802
7609.08164 18.6031 0.0622 -675.0951 319.3729 6.81 860
7609.09911 18.8392 0.0647 446.1599 266.9157 3.92 805
7609.12234 18.7407 0.0449 7.7826 204.9171 4.08 812
7610.06044 18.1042 0.3745 -4021.6460 2650.0836 6.34 574
7610.91128 18.7303 0.0612 -40.7353 279.5931 5.17 1061
7612.90311 18.7111 0.0765 -131.6506 353.4465 7.28 1415
7612.92363 18.5967 0.0712 -709.0301 366.4529 7.02 1396
7612.94764 18.6671 0.0646 -346.4798 312.5082 6.26 1293
7612.96672 18.6626 0.0713 -368.9165 345.2378 6.47 1486
7612.98552 18.7979 0.0679 267.4712 290.8784 5.81 1561
7613.00576 18.6313 0.0822 -528.1550 407.7724 6.51 1587
7613.02854 18.5832 0.0560 -781.1172 293.9775 6.09 1515
7613.04693 18.8085 0.0774 313.7291 326.8375 5.75 1601
7613.06565 18.9278 0.0822 808.0765 310.1810 5.93 1501
7613.08739 18.7616 0.0572 104.2834 254.5483 4.85 1623
7613.10462 18.6562 0.0795 -401.2101 385.7791 5.53 1631
7613.11822 18.6340 0.0643 -514.0838 320.6610 5.64 1390
7613.90640 18.6821 0.0907 -272.1618 427.3493 8.29 2549
7613.93308 18.7957 0.0911 257.4992 386.8141 6.33 2554
7613.99661 18.5383 0.0562 -1027.9265 307.1622 4.92 2458
7614.03967 18.6580 0.0662 -392.3187 322.4894 5.32 2785
7614.08322 18.5520 0.0784 -951.3754 418.8507 5.29 2900
7614.10625 18.6180 0.0828 -597.0395 415.5094 5.98 2929
7615.88600 18.5826 0.0722 -784.7122 376.0237 6.55 2561
7615.90397 18.7126 0.0724 -124.6513 334.5081 5.98 2081
7615.92822 18.8607 0.0998 536.6834 397.6582 6.28 2534
7615.95411 18.6663 0.0638 -350.4509 309.1392 5.15 1760
7615.98005 18.7976 0.0636 266.0839 272.9412 5.19 1784
7615.99888 18.6652 0.0643 -355.9012 311.4453 5.34 1709
7616.01744 18.9670 0.0730 959.0462 266.9909 5.10 1838
7616.03530 18.7831 0.0811 201.7408 350.0394 5.58 1841
7616.05469 18.8497 0.0676 490.9128 276.1128 4.96 1951
7616.07543 18.7842 0.0789 206.4222 340.5130 5.09 2037
7616.10509 18.7654 0.0832 121.5232 364.6355 5.94 2331
7616.89358 18.9129 0.0907 749.4610 345.7776 5.40 1954
7616.91967 18.7059 0.0606 -156.8315 283.5499 4.60 1904
7616.94012 18.8600 0.0642 534.1053 260.0561 4.57 1745
7616.96021 18.6576 0.0628 -394.2561 306.6578 4.53 1755
7616.97876 18.6822 0.0591 -272.0741 282.5019 4.32 1699
7616.99696 18.7427 0.0516 17.0904 234.0486 4.31 1591
7617.01673 18.7063 0.0499 -154.6015 234.3253 4.13 1730
7617.03491 18.7684 0.0747 135.3955 327.8118 5.40 1745
7617.05642 18.8121 0.0870 329.7668 364.6449 4.61 1819
7617.07615 18.7317 0.0603 -34.2864 275.5847 4.47 1840
7617.10263 18.7525 0.0655 62.3941 292.5924 5.43 2166
7617.88309 19.1652 0.1174 1643.7498 350.3020 5.65 1803
7617.90711 18.7288 0.0690 -47.7603 314.8728 5.57 1741
7617.92599 18.8681 0.0757 567.4903 302.6018 6.09 1722
7617.94887 18.7397 0.0722 3.2854 325.6968 4.41 1667
7617.96862 18.6841 0.0540 -262.5919 258.4555 4.87 1694
7617.99302 18.8143 0.0653 339.1700 275.7409 4.42 1693
7618.01198 18.7296 0.0626 -43.9351 286.1022 4.66 1763
7618.03227 18.7987 0.0749 270.8371 319.2845 5.72 1823
7618.05221 18.6966 0.0641 -201.6387 301.5891 5.94 1804
7618.07155 18.6410 0.0571 -478.3437 283.8058 5.07 1788
7618.09855 18.6924 0.0739 -221.9045 347.7713 5.65 2117
7618.87906 18.5121 0.0788 -1176.7757 437.0723 6.47 2028
7618.90004 18.9522 0.0941 902.5819 345.2937 6.41 1952
7618.91959 18.8466 0.0756 477.5864 308.4746 5.65 1976
7618.93955 18.8458 0.0737 474.3072 301.0829 5.54 1849
7618.96145 18.7992 0.0727 273.1921 310.3258 5.23 1792
7618.98093 18.7422 0.0738 15.0061 331.7924 5.12 1790
7618.99979 18.7700 0.0629 142.3226 276.8749 4.55 1844
7619.02226 18.8282 0.0634 399.4761 264.4572 4.52 1844
7619.04262 18.7151 0.0697 -112.7580 321.8499 4.90 1954
7619.06127 18.6668 0.0579 -348.2891 280.9125 4.94 2043
7619.08014 18.7179 0.0742 -99.4675 341.1435 5.18 2313
7620.93693 18.7388 0.0894 -0.9091 400.2005 7.83 1135
7620.95576 18.3528 0.0545 -2162.5918 354.0094 6.47 1131
7620.97426 18.9884 0.0769 1038.9948 274.9872 5.61 1162
7620.99154 18.6736 0.0647 -314.2587 310.8978 5.92 1145
7621.01081 18.7795 0.0663 185.3585 289.0612 5.36 1160
7621.03277 18.6319 0.0718 -524.9645 357.6567 5.91 1326
7621.06936 18.4765 0.0743 -1384.4399 426.6699 7.49 1277
7621.09238 18.6613 0.0651 -375.3993 316.6112 6.46 1465
7621.87978 18.7417 0.0521 12.7932 236.7149 5.53 882
7621.89858 18.7185 0.1045 -96.4229 473.2640 5.84 877
7621.94064 18.6115 0.0620 -631.0779 315.9084 5.56 828
7621.95792 18.6928 0.0549 -220.2710 260.5555 5.88 896
7621.97577 18.6423 0.0628 -471.7353 310.9194 6.90 1016
7621.99559 18.6701 0.0710 -331.5251 341.4334 7.50 1036
7622.01349 18.7470 0.0900 37.2415 399.7953 8.25 1099
7622.05010 18.6262 0.0605 -554.2549 304.4054 6.39 1048
7622.06794 18.6366 0.0776 -500.6272 383.6598 7.48 1131
7622.08920 18.7156 0.0744 -110.4914 342.6293 5.84 1509
7625.86882 18.9191 0.1192 773.8085 446.0300 8.40 1019
7625.89471 18.5855 0.0784 -768.7865 406.2572 7.77 1029
7626.02219 18.4947 0.0635 -1277.2493 360.2812 7.53 1039
7626.04054 18.5783 0.0656 -807.4645 343.9759 6.95 994
7626.05834 18.6563 0.0699 -400.7246 340.7241 7.36 952
7626.07635 18.7564 0.0712 80.4857 316.1245 5.90 942
7626.88395 18.3660 0.0583 -2075.7172 373.2487 7.49 978
7626.90185 19.0386 0.0839 1220.9516 285.8466 7.37 870
7626.92293 18.9026 0.0960 708.1141 368.6428 7.92 956
7626.94083 18.9974 0.0909 1072.4619 320.6179 7.61 916
7626.95890 18.5353 0.0571 -1044.9388 313.1059 7.47 933
7626.97613 18.3301 0.0641 -2315.6231 422.8896 8.26 990
7627.02007 18.7052 0.0532 -160.0176 249.6648 6.06 858
7627.03767 18.5867 0.0497 -762.5502 260.8225 5.77 903
7627.05504 18.5845 0.0488 -774.2402 256.7640 5.67 876
7627.07263 18.9945 0.0856 1061.6547 303.3640 6.25 865
7627.88210 18.8093 0.0441 317.5974 188.9179 3.36 894
7627.90055 18.8143 0.0410 339.0745 175.0051 3.77 861
7627.94276 18.7816 0.0362 194.7575 159.5213 3.22 825
7627.96166 18.7469 0.0457 36.7167 207.1398 3.60 840
7627.97910 18.6529 0.0439 -418.0840 217.0688 4.25 911
7627.99681 18.8029 0.0487 289.2706 209.5272 3.60 929
7628.01398 18.8479 0.0573 483.1113 235.3484 4.78 930
7628.03195 18.9211 0.0577 781.8192 221.5918 5.10 977
7628.04971 18.8134 0.0586 335.1014 248.3300 4.61 975
7628.07258 18.6873 0.0511 -246.7039 244.3318 4.52 1009
7628.89144 18.7266 0.0531 -58.1423 244.3757 4.91 891
7628.93185 18.7893 0.0725 229.2114 312.0237 3.95 819
7628.94965 18.9295 0.0642 814.7137 243.9588 3.95 823
7628.96818 18.8206 0.0608 366.6064 255.9149 3.86 872
7628.98630 18.7431 0.0417 19.1846 190.0078 3.74 920
7629.00635 18.7409 0.1109 8.8557 490.6200 4.12 900
7629.02557 18.7457 0.0510 31.2599 231.0892 3.66 910
7629.04529 17.6583 0.2658 -8636.0693 2974.2719 4.75 661
7629.06798 18.6803 0.0371 -281.4868 179.4584 3.75 1051
7629.89351 18.7869 0.0498 218.3632 217.1781 4.35 869
7629.92054 18.7416 0.0771 12.0463 346.0778 4.32 877
7629.94020 18.7388 0.0740 -1.1545 333.4334 4.27 899
7629.95751 18.7592 0.0469 93.5067 209.9703 3.99 877
7629.97596 18.6927 0.0458 -220.5749 218.2925 4.02 862
7630.00050 18.6975 0.3884 -197.0654 1581.8773 4.38 726
7630.01926 18.7679 0.0426 133.1755 189.5047 3.55 836
7630.03756 18.7351 0.0412 -18.3032 189.1613 4.02 856
7630.06445 18.7072 0.0501 -150.3442 235.0873 4.07 842
7634.89885 18.7981 0.0693 268.1796 296.3205 7.08 990
7634.91770 18.6126 0.0627 -624.9307 319.0337 7.02 932
7634.93710 18.7339 0.0621 -23.8582 282.9048 6.28 964
7634.95593 19.1670 0.1047 1649.2795 313.8356 6.46 921
7634.97365 18.7706 0.0660 145.3795 290.1477 6.12 940
7634.99156 19.0648 0.2108 1312.3347 661.9644 7.55 800
7635.00968 18.8840 0.1002 632.8096 390.3837 6.22 881
7635.02697 18.7372 0.1105 -8.4560 490.8797 7.48 877
7635.05096 18.6045 0.0520 -667.5400 267.7827 5.10 1016
7635.87731 18.2492 0.0551 -2886.3484 393.6888 7.72 1090
7635.89667 18.9003 0.0789 698.9313 305.9666 6.26 1052
7635.91470 18.7244 0.0569 -68.6225 261.9802 5.68 1029
7635.93652 18.7202 0.0771 -88.3087 353.0244 6.97 1084
7635.95549 18.6355 0.0685 -506.4509 340.5715 6.40 1027
7635.97282 18.8077 0.0983 310.3216 411.3153 7.59 1063
7636.01295 18.4591 0.0601 -1488.6561 352.7822 7.25 1021
7636.03064 18.7443 0.0546 24.5383 247.2805 4.88 945
7636.04546 18.7483 0.0552 43.0787 248.7178 4.56 993
7636.86985 18.6304 0.0723 -532.7084 360.3734 6.29 1030
7636.88924 19.0943 0.1052 1412.8503 336.9414 5.75 917
7636.90702 18.7687 0.0495 136.7467 219.5699 4.95 868
7636.92500 18.7834 0.0475 202.7593 208.2500 4.61 865
7636.94279 18.6593 0.0437 -385.8631 215.0045 4.76 875
7636.96085 18.7450 0.0503 27.9379 228.0060 4.58 895
7636.97937 18.8427 0.0741 461.2135 303.6588 5.10 878
7636.99731 18.6885 0.0608 -240.8708 288.6300 4.19 864
7637.01528 18.6700 0.0459 -332.0684 223.3690 4.75 915
7637.03321 18.7873 0.0450 220.2119 196.4359 4.09 950
7637.04982 18.7561 0.0576 79.3356 257.6481 4.39 997
7637.87175 18.6009 0.0455 -686.8252 235.8578 5.07 976
7637.89142 18.7419 0.0603 13.4927 272.7438 5.22 953
7637.90898 18.7423 0.0456 15.4471 207.6769 4.32 948
7637.92615 18.8139 0.0553 337.4147 234.5638 4.75 948
7637.96213 18.8897 0.0577 656.2212 228.1804 4.23 970
7637.98126 18.7418 0.0527 12.9310 239.0533 4.12 974
7637.99860 18.8671 0.0668 563.6292 268.3506 5.55 1003
7638.01735 18.7140 0.0484 -117.8075 225.7785 4.06 949
7638.04216 18.7069 0.0459 -151.8342 215.8316 4.73 1024
7638.88177 18.6360 0.0498 -503.6838 249.5326 4.53 1074
7638.90437 18.7494 0.0529 48.3290 238.3903 4.18 955
7638.92454 18.8503 0.0496 493.3003 204.1216 4.26 952
7638.96234 18.6435 0.0557 -465.3576 276.2916 5.13 981
7638.97985 18.7998 0.0584 275.5421 250.6458 4.47 974
7638.99781 18.6861 0.0466 -252.6556 223.0990 3.98 1000
7639.01575 18.8543 0.0488 509.8845 199.9689 3.79 1018
7639.04180 18.6609 0.0974 -377.3907 466.8919 4.67 896
7639.88954 18.8129 0.0635 333.1568 268.6701 5.94 1121
7639.90832 18.7648 0.0597 118.9801 264.4582 5.28 1135
7639.92659 18.5428 0.0640 -1002.5259 347.1195 5.70 1406
7639.94416 18.8442 0.0572 467.5992 235.9902 4.77 1109
7639.96105 18.8940 0.1490 673.4207 562.7474 4.52 1780
7643.87966 18.4868 0.0780 -1323.8275 442.7714 7.49 1815
7643.97834 18.5615 0.0648 -899.3308 345.6046 7.33 1686
7643.99552 18.8064 0.0883 304.7673 371.5942 6.50 1812
7644.02642 18.9426 0.1184 865.6586 433.7407 7.22 1908
7654.89085 18.9584 0.0744 926.2998 274.0941 6.39 978
7654.90917 18.5939 0.0481 -724.0525 251.0205 4.84 934
7654.92880 18.7286 0.0464 -48.8479 213.8383 4.83 855
7654.94702 18.7493 0.0492 47.8251 222.1921 4.50 887
7654.96498 18.8543 0.0520 510.0432 212.9807 4.95 927
7654.98336 18.7836 0.0462 203.9130 202.4726 3.77 893
7654.99443 18.7514 0.0476 57.5842 214.5690 4.19 910
7657.89144 18.4137 0.0577 -1768.4832 353.5382 8.00 970
7657.91097 18.8207 0.0923 366.9933 382.8137 7.31 956
7657.92864 18.4725 0.0592 -1408.3057 343.6436 6.88 956
7657.94666 18.5308 0.0519 -1070.3796 286.1143 5.44 922
7657.96450 18.6924 0.0666 -222.1475 314.5729 6.44 980
7657.97909 18.9334 0.0775 829.8734 291.5385 6.18 1000
7658.90083 19.0152 0.1085 1137.0089 373.2128 7.52 1021
7658.92612 18.5508 0.0618 -958.5119 333.0040 6.40 1010
7658.95146 18.7479 0.0793 41.4244 353.6355 5.78 945
7658.96932 18.9779 0.1058 1000.0817 377.3187 5.98 967
7658.98258 18.4951 0.0512 -1275.0240 292.0689 6.56 966
7659.88859 18.7699 0.0732 142.1363 320.6968 6.23 1059
7659.90737 18.6987 0.0641 -191.4061 301.1102 6.51 951
7659.92653 18.6479 0.0646 -443.0697 317.9299 6.41 1023
7659.94408 18.5105 0.0651 -1185.9232 363.4038 6.88 1005
7659.96104 18.7670 0.0536 128.9427 237.7303 5.41 996
7659.97810 18.5449 0.0766 -990.9260 412.5402 6.68 1019
7660.88786 18.4494 0.0611 -1547.5903 362.0157 7.83 1263
7660.95709 18.4299 0.0708 -1667.3763 424.9648 8.94 1260
7660.97735 18.5902 0.0711 -743.9257 368.1455 7.86 1170
7662.89967 18.6614 0.0467 -375.0350 228.9178 4.44 928
7662.91760 18.7018 0.0474 -176.6254 223.6351 4.00 947
7662.93523 18.8156 0.0565 344.9813 239.0571 4.23 984
7662.95384 18.7128 0.0502 -123.7458 234.2867 4.20 1029
7662.96985 18.7358 0.0469 -14.9777 214.7292 4.20 915
7665.89006 18.8959 0.0675 681.0891 264.2759 4.82 1006
7665.90863 18.7780 0.0548 178.5863 240.3111 4.73 955
7665.93749 18.7335 0.0507 -25.8162 232.0926 5.34 1023
7666.89560 18.6936 0.0661 -216.2184 311.9785 5.67 1039
7666.91291 18.7949 0.0903 254.1816 383.6932 6.65 1107
7666.93080 18.7154 0.0658 -111.4892 304.2839 6.93 1090
7666.94886 18.6602 0.0686 -380.9179 333.3382 6.56 1075
7666.96894 18.7648 0.0668 118.6831 295.0636 5.70 1083
7667.89812 18.9051 0.0779 718.0376 300.7527 6.13 1284
7667.92083 18.8462 0.0648 476.0715 265.9024 5.68 1263
7667.93995 18.5990 0.0624 -696.6651 321.4453 5.19 1249
7667.95728 18.7345 0.0633 -21.0052 287.9791 4.56 1353
7668.88241 18.4521 0.0703 -1531.4066 413.5081 7.07 1690
7668.90017 18.3952 0.0574 -1885.8431 358.0472 6.79 1605
7668.91839 18.5344 0.1111 -1050.0052 594.5347 7.72 2409
7668.93683 18.7785 0.0652 181.0179 284.5114 5.53 1677
7668.96548 18.7878 0.0723 222.5768 311.6679 5.54 1688
7669.90015 18.8235 0.0833 379.2148 346.0604 7.76 1496
7669.91801 18.8906 0.0865 659.8107 337.2580 6.11 1608
7669.93506 18.6718 0.0690 -323.2538 331.5823 5.90 1524
7669.95284 18.6668 0.0794 -348.2558 381.6405 5.90 1741
7670.89376 18.7924 0.0648 243.1833 279.1437 4.66 1489
7670.91332 18.6686 0.0581 -339.0385 281.4372 4.81 1414
7670.93382 18.5649 0.0626 -880.6522 332.9622 5.78 1363
7670.95700 18.8076 0.0587 310.1616 250.2283 4.76 1396
7672.95054 19.0618 0.1563 1302.1812 504.1759 8.68 1714
7674.89234 18.7500 0.0662 50.9900 296.3188 5.24 1479
7674.91309 18.7016 0.0592 -177.3742 278.1450 5.63 1467
7674.93171 18.8069 0.0815 306.9329 343.8032 6.34 1487
7674.94632 18.7628 0.0839 109.8678 368.4761 6.58 1602
7675.88239 18.6262 0.0699 -554.1598 350.2003 5.18 1959
7675.90188 18.6551 0.0639 -406.8344 312.8630 5.34 1500
7675.91981 18.6991 0.0579 -189.2884 272.8530 5.23 1480
7675.94021 18.7727 0.0851 154.6358 369.9203 6.08 1496
7676.89229 18.6565 0.0629 -399.4689 307.4000 5.76 1705
7676.91012 18.8948 0.0968 676.9171 374.0777 6.22 1828
7676.93629 19.0018 0.1139 1088.4082 395.7328 6.66 2017
7679.88595 18.9137 0.1113 752.4579 419.9523 7.64 1582
7679.90334 18.8525 0.0890 502.3779 358.9807 6.66 1405
7679.92788 18.8751 0.0936 596.4153 368.8487 6.24 1443
7680.92113 18.8798 0.1084 615.8544 422.5920 8.32 1297
