7439.86384 18.6927 0.0480 -220.8145 228.3495 4.26 2330
7439.88876 18.7203 0.0463 -88.1474 214.9091 3.89 2406
7440.87291 18.7385 0.0501 -2.4495 228.4077 3.12 2519
7441.83095 18.8109 0.0529 324.5927 225.2766 3.74 2919
7441.86313 18.7991 0.0510 272.6557 219.8269 4.23 2653
7441.88465 18.8175 0.0479 353.0095 203.1596 3.30 2397
7444.85053 18.7362 0.0427 -12.8961 195.5371 3.91 2118
7444.87462 18.7054 0.0389 -158.9664 183.8497 3.72 2059
7444.87830 18.6810 0.0378 -277.9891 182.6232 3.30 2073
7445.83726 18.6289 0.0391 -540.2615 198.1939 3.59 2279
7445.86386 18.8173 0.0449 352.2255 190.8541 3.76 2084
7445.89296 18.6795 0.0394 -285.2044 190.7456 3.18 2108
7446.83425 18.7710 0.0438 147.1074 194.2997 3.84 1997
7446.85734 18.7071 0.0350 -151.1769 165.4969 3.03 1979
7446.87877 18.7366 0.0477 -11.4094 218.0177 2.84 1828
7447.82382 18.7578 0.0475 86.9105 212.8027 4.06 2124
7447.85910 18.7550 0.0370 74.2110 167.0384 3.29 1944
7447.88435 18.7407 0.0390 7.8834 178.3921 3.38 1885
7448.82496 18.8117 0.0525 327.8804 223.4870 4.58 2117
7448.84820 18.9123 0.0528 746.9874 205.0480 4.20 1896
7448.87076 18.7850 0.0454 210.0213 198.6445 3.76 1996
7449.83663 18.9476 0.0676 885.0111 252.2185 4.50 2718
7449.85920 18.7121 0.0535 -126.8963 249.6653 4.51 2738
7449.88264 18.7715 0.0473 149.1758 209.5970 3.67 2610
7450.84502 18.8530 0.0605 504.4538 246.9681 4.39 2924
7451.80320 18.7227 0.0518 -76.7781 239.3051 4.46 2426
7451.82556 18.8546 0.0539 511.5472 220.5555 3.76 2356
7451.84759 18.7789 0.0501 182.8108 220.0282 3.53 2327
7451.86986 18.7694 0.0442 139.7391 196.2689 3.86 2165
7451.89396 18.7738 0.0487 159.8202 215.2744 3.28 2180
7452.81987 18.7641 0.0408 115.8508 182.6266 3.29 1862
7452.84675 18.9027 0.0652 708.5161 253.8463 3.29 2115
7452.87963 18.7714 0.0350 148.7119 155.8973 2.82 1564
7453.81689 18.7588 0.0390 91.4761 175.2901 3.19 1807
7453.84032 18.7557 0.0380 77.2084 171.6519 3.31 1678
7453.86319 18.7870 0.0434 218.7756 190.0247 2.99 1639
7453.89075 18.7101 0.0311 -136.7456 146.9222 3.13 1603
7454.80871 18.9171 0.0485 765.8406 187.7450 3.60 1850
7454.83939 18.7712 0.0359 147.7448 159.8497 3.14 1636
7454.86055 18.7432 0.0370 19.3289 169.1115 3.12 1502
7454.88233 18.7388 0.0332 -0.7231 152.5716 2.69 1474
7455.79857 18.7330 0.0525 -27.8768 240.3225 5.36 1691
7455.81908 18.7156 0.0468 -110.1732 218.1563 4.73 1636
7455.85105 18.7908 0.0464 235.7162 201.9030 4.23 1626
7455.87359 18.8614 0.0437 539.9566 178.4484 3.63 1565
7455.89646 18.7358 0.0374 -14.8052 171.8544 3.09 1653
7456.79186 18.6566 0.0387 -399.0657 191.0810 3.82 2150
7456.81313 18.6693 0.0387 -335.8559 188.8509 3.37 1885
7456.83576 18.6841 0.0334 -262.5038 161.5612 3.13 1776
7456.87126 18.7957 0.0473 257.4360 204.9838 2.62 1659
7456.89264 18.7221 0.0401 -79.6094 186.5999 2.61 1679
7457.79621 18.7427 0.0503 17.2539 228.3581 4.33 2360
7457.81742 18.7691 0.0433 138.6327 192.6000 3.69 2176
7457.84087 18.7938 0.0423 249.3498 183.9848 3.55 2168
7457.86290 18.7021 0.0376 -175.2354 178.2464 3.40 2090
7457.88774 18.6435 0.0525 -465.5031 260.9101 2.81 1793
7458.79399 18.7251 0.0437 -65.1503 202.2707 3.99 1802
7458.81519 18.8615 0.0467 540.3151 190.2564 3.82 1540
7458.83883 18.7478 0.0474 40.7633 214.3577 3.62 1519
7458.86045 18.7267 0.0355 -57.7800 164.6008 3.15 1458
7458.88489 18.7867 0.0353 217.8133 155.0085 3.07 1496
7460.79153 18.7296 0.0410 -43.9978 189.0348 4.04 1758
7460.81290 18.8157 0.0441 345.4620 187.7087 3.94 1781
7460.83389 18.7913 0.0386 238.0102 168.7250 3.25 1696
7460.85729 18.7514 0.0359 57.3058 162.6946 3.19 1648
7460.87806 18.7809 0.0484 191.6151 212.1943 2.65 1592
7461.78142 18.9352 0.0560 836.9838 212.4695 4.34 1938
7461.80549 18.8740 0.0505 591.9218 203.1493 3.59 1793
7461.82798 18.8190 0.0529 359.6590 223.6252 3.35 1619
7461.84969 18.8243 0.0420 382.5914 177.5611 3.88 1598
7461.87161 18.7327 0.0377 -29.2346 173.9492 3.33 1557
7461.90633 18.6140 0.0610 -618.0245 310.2524 2.60 2329
7462.78038 18.8685 0.0610 569.4205 245.4704 4.40 2071
7462.80436 18.7886 0.0448 226.0325 195.3617 3.90 1774
7462.82873 18.7644 0.0420 116.9693 187.7071 3.75 1755
7462.85401 18.7739 0.0503 160.0597 221.7427 3.24 1554
7462.87645 18.8020 0.0433 285.2415 186.9055 3.26 1548
7462.90295 18.6887 0.0365 -240.0316 175.2152 2.99 1733
7465.76763 18.8334 0.0486 421.4371 203.0455 4.08 2128
7465.80276 18.7529 0.0500 64.2613 225.0102 4.42 1862
7466.78224 18.7896 0.0901 230.5238 384.9564 4.98 2611
7466.80290 18.6641 0.1369 -361.7486 642.6981 4.20 2176
7466.82315 18.8504 0.2086 493.5167 798.7233 4.72 1907
7466.84721 18.8120 0.0954 329.1580 397.9963 3.47 1879
7466.87561 18.8385 0.0438 443.2636 182.5479 3.56 1880
7466.89618 18.7205 0.0437 -87.0690 203.0743 2.94 1837
7469.86801 18.8219 0.0447 372.1460 189.1852 3.66 2169
7469.89270 18.7448 0.0400 26.7920 182.0821 3.18 2073
7472.80357 18.7792 0.0571 184.1619 250.0695 4.96 2272
7472.82665 18.7940 0.0461 250.0664 200.0339 3.66 2117
7472.84873 18.7037 0.0438 -167.2880 206.7337 3.06 1957
7472.86950 18.7521 0.0392 60.6630 177.2561 3.28 1930
7472.89020 18.6864 0.0475 -251.4493 227.5450 3.12 1953
7473.75008 18.9540 0.0614 909.6803 228.3963 4.07 2634
7473.77974 18.9166 0.0603 763.9601 232.1957 4.09 2679
7473.86539 18.7286 0.0369 -48.7922 170.6093 2.96 2146
7473.90688 18.7347 0.0448 -20.1550 205.4272 2.45 2064
7474.75264 18.7879 0.0530 223.1386 230.4658 3.96 2759
7474.77267 18.7788 0.0485 182.2225 213.2860 3.80 2658
7474.79517 18.7548 0.0442 73.1381 199.1679 3.24 2520
7474.81549 18.7474 0.0417 39.0224 189.4073 3.24 2495
7474.83577 18.6957 0.0426 -206.1655 202.8228 3.54 2450
7474.86890 18.8473 0.0571 480.4869 234.7016 4.05 2377
7474.88924 18.7164 0.0395 -106.5682 184.4845 3.43 2297
7474.90952 18.9093 0.0527 734.9141 205.1760 3.88 2359
7475.76786 18.7857 0.0628 213.2919 272.7037 4.96 2637
7475.79155 18.8546 0.0534 511.3703 218.5275 3.91 2559
7475.81304 18.9297 0.0536 815.5379 204.7167 3.88 2440
7475.84439 18.7828 0.0519 200.3205 227.0243 3.68 2381
7475.87325 18.8843 0.0495 634.3703 197.2477 3.80 2314
7475.90517 18.6287 0.0375 -541.4964 190.3758 3.42 2323
7476.80656 18.7085 0.0546 -144.0867 255.3929 2.98 2776
7476.83629 18.6904 0.0504 -231.6838 240.3052 2.99 2867
7476.85815 18.7084 0.0518 -144.6475 242.6912 3.27 2583
7476.87883 18.7215 0.0475 -82.4685 220.3460 3.41 2828
7476.90053 18.6888 0.0584 -239.6072 277.7960 3.98 2767
7478.83852 18.6904 0.0484 -231.7529 230.9665 3.18 2949
7478.88735 18.7006 0.0546 -182.3593 257.2932 3.37 2910
7479.74620 18.7221 0.0504 -79.2857 233.2428 4.54 1727
7479.76411 18.8101 0.0521 321.1044 222.1676 4.59 1546
7479.78186 18.7628 0.0447 109.6173 199.9126 4.22 1581
7479.79967 18.7616 0.0492 104.4689 219.6765 4.49 1564
7479.82099 18.8382 0.0565 442.1460 234.4156 4.69 1609
7479.85488 18.8016 0.0496 283.5580 213.3022 4.45 1660
7479.87255 18.7979 0.0428 267.4330 185.3826 3.53 1629
7479.89111 18.7063 0.0377 -154.9103 177.9882 3.14 1613
7479.91080 18.8735 0.0447 590.0180 180.5178 3.14 1669
7480.77374 18.7334 0.0537 -26.2536 245.7376 5.10 1495
7480.79347 18.8430 0.0568 462.2560 234.6772 4.55 1515
7480.81119 18.6976 0.0496 -196.9194 234.7669 4.55 1515
7480.82882 18.6262 0.0481 -554.1223 243.5916 5.43 1641
7480.84677 18.7621 0.0554 106.8048 246.5029 5.21 1588
7480.87551 18.9530 0.0629 905.7921 233.9234 4.77 1585
7480.89333 18.8194 0.0446 361.5218 189.1455 3.58 1476
7481.73417 18.7202 0.0583 -88.5944 269.1951 4.66 1372
7481.75245 18.8622 0.0536 543.2825 217.8997 4.29 1348
7481.77113 18.8983 0.0495 691.0518 194.9582 4.11 1333
7481.79860 18.8646 0.0468 552.9121 190.1749 3.34 1271
7481.82411 18.8018 0.0366 284.7377 158.2988 3.11 1318
7481.84260 18.7898 0.0419 231.3392 182.7456 3.25 1291
7481.86229 18.7347 0.0454 -20.0267 208.0886 3.13 1309
7481.87924 18.7913 0.0660 238.0753 284.4256 3.01 1589
7481.90405 18.8901 0.0954 657.8231 370.5925 3.53 1684
7482.77124 18.8087 0.0924 314.7059 387.3085 4.57 1453
7482.79133 19.0564 0.1496 1283.2115 486.3613 4.74 1453
7482.81562 18.7039 0.0387 -166.5821 183.0162 3.47 1414
7482.83536 18.8784 0.0511 609.9100 204.8718 3.44 1527
7482.85673 18.9006 0.2186 700.2375 795.5784 4.63 1546
7482.88009 18.9211 0.1128 781.8407 422.2753 4.00 1548
7482.91277 19.0195 0.2280 1152.5319 740.5444 4.86 1517
7484.75968 18.9832 0.0673 1019.7207 242.9876 6.03 1299
7484.77831 18.7882 0.0628 224.2460 272.0332 5.50 1392
7484.79785 18.7668 0.0530 128.1902 234.9009 4.01 1302
7484.83050 18.8798 0.0488 615.5953 195.6479 4.05 1295
7484.85099 18.9013 0.0570 702.8121 223.1030 3.71 1306
7484.87049 18.8236 0.0399 379.6283 169.0570 3.45 1266
7484.89015 18.7228 0.0492 -75.9144 227.8902 3.13 1234
7484.90998 18.7116 0.0363 -129.2984 170.7410 3.39 1268
7485.73091 18.9652 0.0600 952.3271 221.0563 4.71 1253
7485.74377 18.8766 0.0509 602.7442 204.2173 4.53 1243
7485.75719 19.0423 0.0630 1233.9725 215.7815 5.06 1181
7485.77164 18.9977 0.4209 1073.4740 1282.0709 6.24 897
7485.78399 18.9622 0.0593 940.6171 219.2426 5.13 1163
7485.80395 18.7241 0.0432 -70.0504 200.1115 3.83 1179
7485.81643 18.7035 0.0524 -168.4933 246.4499 5.03 1284
7485.83240 19.0993 0.0825 1429.9055 265.8518 6.43 1369
7485.84545 18.8755 0.0532 598.1544 213.4655 4.77 1217
7485.86063 18.7496 0.0422 49.3788 191.0772 3.99 1220
7485.88516 18.7668 0.0423 127.7669 188.6095 3.93 1259
7485.89994 18.6753 0.0490 -305.9643 236.7361 3.40 991
7485.91381 18.7321 0.0342 -32.3727 157.9541 2.87 1163
7486.72732 18.8449 0.0658 470.4837 269.8675 5.13 1424
7486.73941 18.6809 0.0453 -278.4389 218.0667 4.81 1411
7486.76069 18.9656 0.0537 953.8383 198.2825 4.18 1388
7486.77714 18.7309 0.0587 -38.0806 268.6652 4.18 1377
7486.78928 18.8650 0.0557 554.7231 225.4072 4.12 1354
7486.80121 18.7891 0.0425 228.5181 185.7490 3.97 1258
7486.81290 18.8222 0.0421 373.4968 178.3449 3.34 1305
7486.82474 18.8001 0.0437 276.9018 188.6943 4.01 1313
7486.84395 18.8593 0.0595 530.9233 241.7724 3.95 1351
7486.85664 18.8066 0.0437 305.5879 187.7438 3.95 1322
7486.86868 18.9258 0.0511 800.4082 195.8398 4.02 1420
7486.88080 18.7845 0.0457 207.6683 200.0938 4.22 1417
7486.89672 18.8369 0.0752 436.4714 309.5376 3.60 1131
7486.91768 18.6476 0.0395 -444.6764 196.7559 3.55 1489
7487.71639 18.7975 0.0531 265.6962 229.1607 4.83 1546
7487.74052 18.9940 0.0653 1059.6958 233.6186 5.34 1484
7487.76868 18.7113 0.0429 -130.9674 201.4441 3.98 1455
7487.78666 18.8367 0.0531 435.6254 221.0323 4.21 1459
7487.80739 18.7368 0.0386 -10.1191 177.0398 3.39 1523
7487.81048 18.7512 0.0366 56.4496 165.8846 3.11 1391
7487.82818 18.7020 0.0401 -175.7214 189.8919 3.57 1416
7487.85084 18.8199 0.0605 363.6446 254.5951 3.40 1472
7487.87759 18.7130 0.0376 -122.6990 176.4060 2.93 1448
7487.89940 18.7466 0.0406 35.3551 184.4692 2.70 1279
7487.91966 18.6997 0.0366 -186.8353 174.1278 3.30 1572
7488.71219 18.8159 0.0485 346.3170 205.9931 4.26 1367
7488.73094 18.7616 0.0480 104.4971 214.2427 4.69 1319
7488.74873 18.9219 0.0741 784.7613 282.2304 5.28 1416
7488.77872 18.8784 0.0519 610.1910 207.6919 3.89 1427
7488.80099 18.8074 0.0399 309.3235 171.5425 3.32 1217
7488.82245 18.7079 0.0378 -147.3519 178.1182 2.90 1309
7488.84055 18.7935 0.0603 247.7568 260.0898 2.71 1459
7488.85768 18.7161 0.0393 -108.1266 183.8916 3.16 1571
7488.89453 18.6865 0.0535 -250.8469 255.4259 2.91 1239
7488.91279 18.6913 0.0471 -227.6217 224.3822 2.88 1406
7491.70521 18.7279 0.0419 -52.1079 193.8085 3.82 1431
7491.72303 18.7982 0.0476 268.6214 205.7280 3.79 1403
7491.74732 18.7853 0.0394 211.3220 172.7896 3.08 1376
7491.77351 18.7454 0.0387 29.8422 176.3312 3.43 1373
7491.79125 18.7717 0.0384 150.3557 170.6542 2.97 1244
7491.81091 18.6989 0.0419 -190.6770 198.8468 3.03 1320
7491.82804 18.7981 0.0392 268.1960 169.9670 3.34 1267
7491.84979 18.8815 0.0493 622.9147 197.1589 4.05 1331
7491.85273 18.7845 0.0381 207.9407 167.5788 3.32 1260
7491.89249 18.7142 0.0370 -116.8896 173.3757 3.12 1091
7491.91100 18.7660 0.0463 124.5466 206.0701 3.20 1234
7494.70463 18.8042 0.0470 295.0207 202.1145 3.90 1435
7494.72230 18.8138 0.0448 336.8649 191.1807 3.72 1336
7494.73980 18.8462 0.0751 476.0340 306.5627 4.01 1328
7494.77261 18.7997 0.0463 275.4624 200.0224 3.92 1183
7494.79691 18.7336 0.0415 -25.4367 190.6495 2.90 1165
7494.81767 18.7910 0.0415 236.9005 181.0583 3.17 1216
7494.83646 18.7598 0.0419 96.2673 188.0285 3.30 1244
7494.85614 18.7802 0.0362 188.6419 159.9611 3.11 1276
7494.88033 18.7505 0.0420 53.3052 190.3040 3.05 1104
7494.90731 18.6812 0.0510 -276.6473 244.8664 2.45 1376
7494.92581 18.7334 0.0458 -26.2451 210.1877 2.95 2395
7495.68625 18.7674 0.0548 130.7781 242.5478 4.48 1671
7495.72511 18.8221 0.0535 372.9349 225.3462 3.95 1509
7495.74440 18.8674 0.0553 564.8756 223.4569 3.91 1495
7495.76545 18.7555 0.0462 76.2894 207.6472 3.78 1449
7495.79098 18.7900 0.0379 232.1250 165.9255 3.19 1328
7495.81192 18.8152 0.0426 343.0349 181.7888 3.67 1280
7495.82965 18.7609 0.0376 100.9714 168.8936 2.92 1240
7495.85017 18.6450 0.0430 -457.9651 214.5238 3.30 1233
7495.86956 18.7896 0.0394 230.7558 172.1430 2.84 1277
7495.90011 18.7273 0.0400 -54.7955 185.2722 3.59 1314
7495.91873 18.8052 0.0437 299.3268 187.7158 3.78 1394
7497.82685 18.7382 0.0474 -3.7178 216.4484 4.02 1656
7497.84797 18.7773 0.0499 175.6844 219.6474 4.70 1648
7497.86734 18.8390 0.0503 445.6721 208.8617 3.67 1346
7497.88539 18.7958 0.0520 258.1898 224.4924 4.79 1495
7497.91326 18.8349 0.0501 428.0208 209.0024 3.96 1494
7498.68844 19.1811 0.1092 1693.5956 322.4692 6.33 2017
7498.70903 18.7623 0.0535 107.5319 238.2298 4.53 1847
7498.72962 18.8935 0.0565 671.5249 222.8366 4.02 1756
7498.74958 18.7313 0.0636 -35.9284 290.2111 4.27 1692
7498.77041 18.8146 0.0501 340.7501 212.8598 4.05 1647
7498.77599 18.7817 0.0457 195.2313 200.5314 3.80 1726
7498.80132 18.8899 0.0489 657.0059 193.9989 3.66 1671
7498.81890 18.8776 0.0631 606.7894 251.7397 4.62 1721
7498.83943 18.7364 0.0601 -12.0347 273.2456 6.46 1775
7498.85805 18.6737 0.0679 -313.6804 326.0857 5.37 1749
7498.86221 18.9190 0.0604 773.5639 231.9556 4.34 1674
7498.89091 18.6171 0.0446 -601.5524 227.8428 4.52 1671
7498.92140 18.7425 0.0803 16.2679 359.8111 6.36 1528
7499.69001 18.6861 0.0364 -252.6230 175.2138 3.07 2116
7499.69575 18.7882 0.0471 224.3209 205.4970 2.72 2113
7499.71530 18.6830 0.0383 -268.1907 184.6369 3.06 1952
7499.73277 18.6238 0.0480 -566.9083 243.3016 2.83 1809
7499.75605 18.7576 0.0559 85.9675 249.6335 2.61 1696
7499.77373 18.6915 0.0416 -226.5878 198.8522 2.70 1696
7499.80255 18.7073 0.0386 -149.8531 182.1063 2.66 1720
7499.81969 18.7121 0.0441 -127.2282 206.6669 2.57 1654
7499.83763 18.6884 0.0343 -241.3929 165.1610 2.86 1659
7499.85627 18.6526 0.0511 -419.3618 252.1864 2.62 1628
7499.87771 18.6866 0.0673 -250.4396 319.5172 2.75 1703
7499.91262 18.7540 0.0490 69.2925 220.3010 2.68 1705
7500.68205 18.8019 0.0483 285.1088 207.8711 3.70 2470
7500.69984 18.6991 0.0461 -189.6846 218.5563 3.37 2283
7500.71721 18.7099 0.0454 -137.6658 212.9197 3.59 2250
7500.72057 18.7059 0.0417 -156.6535 196.7003 3.40 2134
7500.73793 18.7597 0.0459 95.8212 205.7206 3.27 2210
7500.75983 18.7380 0.0411 -4.8305 188.2185 3.07 2064
7500.82814 18.6902 0.0430 -232.8348 205.8317 2.78 2039
7500.84700 18.7585 0.0360 89.9131 162.2405 2.83 1888
7500.86655 18.6285 0.0343 -542.4182 174.4269 2.77 1858
7508.65614 18.8133 0.0442 334.9294 188.7042 3.80 1409
7508.68082 18.8196 0.0605 362.3700 254.8173 4.12 1402
7508.69846 18.7758 0.0415 168.6201 183.4515 3.52 1338
7508.71596 18.7984 0.0509 269.5005 219.6426 3.11 1367
7508.73635 18.8192 0.0522 360.6374 220.6524 3.43 1345
7508.75364 18.8019 0.0415 285.0841 179.2683 3.01 1365
7508.78118 18.7405 0.0491 7.0846 223.6034 3.12 1357
7508.79969 18.7647 0.0347 118.2454 155.6022 2.99 1272
7508.81721 18.6922 0.0565 -223.0683 267.8265 2.49 1289
7508.84436 18.7340 0.0469 -23.3549 215.1595 2.59 1154
7508.86241 18.7055 0.0486 -158.4331 228.5222 2.46 1308
7508.88901 18.7065 0.0604 -153.7923 282.3312 2.59 1411
7508.90660 18.6951 0.0343 -208.9715 163.7479 3.04 1450
7508.92375 18.6815 0.0407 -275.5707 196.6506 3.28 1543
7509.65759 18.6789 0.0464 -288.3314 223.8964 5.36 1337
7509.67849 18.8112 0.0463 325.5095 197.6132 3.54 1301
7509.71232 18.8206 0.0394 366.6564 167.4553 3.17 1255
7509.74153 18.7366 0.0432 -11.0277 197.7308 2.82 1316
7509.75905 18.7875 0.0360 221.0091 157.7981 3.29 1298
7509.77880 18.7993 0.0487 273.3710 209.8864 4.48 1376
7509.79636 18.7869 0.0454 218.4591 198.4862 4.00 1440
7509.82051 18.6933 0.0448 -217.8543 213.5415 3.08 1430
7509.86782 19.0058 0.1672 1103.2121 565.0062 6.21 2130
7511.72055 18.6992 0.0361 -188.8060 171.7115 2.96 1209
7511.73743 18.7383 0.0442 -3.4119 202.2690 2.60 1222
7511.75471 18.6554 0.0492 -404.9937 242.1041 2.55 1249
7511.78326 18.7245 0.0359 -68.2307 166.7842 2.65 1298
7511.80123 18.7010 0.0423 -180.2519 200.3252 2.26 1272
7511.82160 18.6385 0.0519 -491.0748 259.1526 2.46 1310
7511.84092 18.7178 0.0479 -100.0044 222.7397 2.61 1345
7511.85866 18.7937 0.0515 248.6418 223.1393 2.74 1396
7511.88419 18.7961 0.0416 259.3785 180.5321 3.43 1418
7511.91314 18.5683 0.1327 -862.1368 681.5806 4.36 1662
7512.64924 18.5249 0.1913 -1103.3595 995.9703 6.49 1254
7512.66638 18.7753 0.1068 166.2931 458.9014 3.59 1327
7512.68664 19.1429 0.7734 1572.8274 1778.2669 6.25 1051
7512.70821 18.8793 0.1114 613.5477 433.9360 4.50 1319
7512.73411 18.5184 0.0892 -1140.3996 489.3928 4.43 1425
7512.73616 18.8682 0.0775 568.0686 309.4809 3.00 1318
7512.75911 18.7739 0.0426 160.0856 188.4746 2.74 1225
7512.76215 18.7834 0.0464 202.9597 203.1223 2.99 1251
7512.78002 18.8725 0.0991 585.6131 390.5466 2.77 1332
7512.80055 18.6821 0.1109 -272.4124 518.1327 3.53 1302
7512.81767 18.6229 0.0822 -571.2180 410.5877 2.90 1303
7512.85000 18.6103 0.0810 -637.2139 409.5565 3.02 1323
7512.87053 18.8747 0.2304 594.8548 854.2900 3.35 1330
7512.88808 18.6609 0.1423 -377.7415 668.2052 3.30 1380
7512.90514 18.6893 0.0808 -237.0222 379.9625 3.21 1424
7512.92351 18.8808 0.1046 619.9895 408.0752 3.18 1498
7514.64029 18.7618 0.0536 105.2333 238.5922 5.09 1476
7514.69042 19.3949 0.3520 2295.7751 766.2501 6.05 1273
7514.71614 18.4809 0.1759 -1358.8886 960.5957 5.79 1180
7514.73453 18.9838 0.3408 1022.0668 1088.6113 5.39 1167
7514.76387 18.6061 0.1148 -659.4550 574.1787 3.89 1257
7514.87635 18.6498 0.7746 -433.6749 2803.5870 5.84 1112
7514.90074 18.4410 0.1356 -1598.7174 781.9997 3.77 1171
7514.91843 18.9086 0.1089 732.2785 413.2194 3.46 1317
7515.83570 18.4640 0.1821 -1459.3804 1007.0541 3.76 1169
7516.64429 18.8477 0.0495 482.1358 204.2996 3.98 1479
7516.67856 18.6666 0.0400 -349.3686 195.7041 2.84 1239
7516.69964 18.7522 0.1310 61.1005 568.3095 3.55 1251
7517.66579 18.7363 0.2043 -12.6454 870.4991 5.29 1394
7517.68624 19.5745 0.3576 2717.6802 658.1644 3.66 1332
7517.70476 18.9452 0.2832 875.6283 961.3328 3.93 1238
7517.73396 18.7439 0.0496 22.6940 224.9202 3.23 1431
7517.75391 18.8036 0.0851 292.5664 359.7091 3.28 1431
7517.77084 18.5800 0.0952 -798.5425 491.9947 3.87 1447
7517.78809 19.5375 0.5705 2636.3746 991.7559 3.74 1427
7517.80562 19.0871 0.2546 1388.8220 768.0012 3.46 1282
7520.69362 19.2888 0.5811 2011.5358 1264.6815 5.78 1386
7520.71093 19.0753 0.3155 1348.5967 936.7763 4.32 1457
7520.72776 18.6318 0.0811 -525.6132 402.1271 4.32 1656
7520.74532 19.1900 0.2792 1721.1087 757.7827 5.17 1639
7520.76960 18.8460 0.0660 475.2469 270.6177 4.08 1595
7520.79787 18.7418 0.0788 12.9378 353.5007 3.34 1722
7520.82381 18.7280 0.1174 -51.4876 524.1711 3.56 1658
7520.83812 18.8151 0.0855 342.7029 357.4852 3.20 1778
7520.85967 18.6598 0.1060 -382.8785 506.7133 4.23 1851
7520.88231 18.8633 0.0632 547.7412 255.2901 4.56 1690
7520.90034 18.7337 0.0691 -24.8098 313.8529 3.87 1809
7520.92246 18.8132 0.0510 334.3706 217.0074 4.01 1698
7522.62709 18.8945 0.2208 675.5423 807.2803 6.04 2332
7522.64643 18.7819 0.1195 196.0273 507.2231 5.05 2106
7522.66559 19.5460 0.5224 2655.1842 919.5524 5.22 2009
7522.68606 18.8009 0.1006 280.4605 423.1092 4.09 1734
7522.70386 18.7651 0.0489 120.3644 217.7937 3.82 1514
7522.73334 18.7398 0.0395 3.9281 180.7716 3.72 1415
7522.75680 18.7067 0.0410 -152.6694 193.1329 3.52 1504
7522.77420 18.8970 0.0591 685.5075 231.8713 3.96 1513
7522.79159 18.7643 0.0454 116.8005 202.5704 4.04 1539
7522.81137 18.7153 0.0402 -111.8954 188.0105 3.23 1430
7522.84497 18.7038 0.0365 -166.7779 173.0499 2.63 1567
7523.64888 18.8543 0.0664 510.1267 270.2610 5.71 1363
7523.66625 19.0714 0.0758 1335.3402 251.4795 5.68 1401
7523.70864 18.7834 0.0693 202.7594 300.4239 5.13 1508
7523.73381 18.8536 0.0488 507.2625 200.0375 4.07 1374
7523.75128 18.8862 0.0492 641.8059 195.7441 4.19 1287
7523.76880 18.9746 0.0505 987.4842 185.2392 4.03 1259
7523.79047 18.8420 0.0481 458.1026 199.6735 4.29 1289
7523.81528 18.8125 0.0377 331.3473 161.3128 3.10 1348
7523.84347 18.6915 0.0397 -226.2306 189.9403 3.11 1540
7523.86129 18.8108 0.0463 323.8133 197.6484 3.41 1495
7523.88663 18.7103 0.0358 -135.5343 168.5997 3.07 1403
7523.90326 18.7409 0.0451 9.0108 205.6693 3.35 1439
7523.92041 18.8366 0.0510 435.2351 212.3751 4.07 1527
7524.89207 18.7311 0.0539 -36.8688 246.9546 4.29 1533
7526.60230 18.8847 0.0742 635.6123 292.4905 5.33 2554
7526.60511 18.6925 0.0621 -221.5587 293.7221 5.89 2463
7526.62580 18.8214 0.0676 369.9665 283.3550 4.28 2554
7526.69231 18.7304 0.0738 -40.4923 335.5339 3.46 2977
7526.73072 18.6131 0.0579 -622.2819 295.3566 4.26 2952
7526.84882 18.8322 0.1375 416.3869 552.5224 4.70 2161
7526.88439 18.8652 0.0949 555.4873 377.2955 4.14 1678
7528.86164 18.8110 0.0651 324.8731 275.9225 4.50 2282
7528.89981 18.6221 0.0525 -575.3695 266.2983 4.24 2965
7528.91907 18.7462 0.0549 33.6075 248.0445 4.30 2223
7528.93747 18.6972 0.0547 -198.4979 258.3420 3.84 2122
7529.66386 19.0270 0.0937 1179.5126 321.1362 5.99 2715
7529.74278 18.7323 0.0696 -31.2079 316.4392 5.45 2827
7530.69680 18.9539 0.0789 909.0079 290.9801 4.71 2945
7530.72401 18.8659 0.0683 558.6129 274.8083 4.92 2948
7530.74122 18.7174 0.0597 -101.7315 276.5238 4.18 2708
7530.76334 18.8098 0.0557 319.5994 237.3740 4.18 2683
7534.64331 18.8564 0.0564 518.8463 230.0025 3.50 2458
7534.66921 18.7278 0.0424 -52.4638 196.0881 3.22 1779
7534.68672 18.8369 0.0417 436.6200 174.3929 3.08 1792
7534.72384 18.7474 0.0449 39.1034 203.6320 3.00 1838
7534.74621 18.7797 0.0627 186.4029 273.7167 2.80 1851
7534.77671 18.7251 0.0409 -65.3730 189.6639 2.95 1570
7534.79669 18.7265 0.0465 -58.7598 214.6927 2.88 2014
7534.81830 18.6756 0.0470 -304.4425 227.5909 2.71 1648
7534.83599 18.8100 0.0469 320.3784 200.6141 3.02 1799
7534.85434 18.6524 0.0540 -420.2389 266.2182 3.04 1760
7534.88300 18.6916 0.0443 -225.8353 211.6404 3.74 2159
7534.90196 18.7630 0.0533 110.5649 237.2302 4.03 2724
7534.92001 18.7844 0.0491 207.1710 214.6531 3.90 2322
7534.93708 18.6678 0.0441 -343.1289 215.2602 3.41 2486
7536.57836 18.8219 0.0573 372.1442 241.2314 4.03 1615
7536.59747 18.8227 0.0520 375.4290 219.3077 3.48 1402
7536.63047 18.8880 0.0583 649.1248 230.9051 4.22 1336
7536.67140 18.7366 0.0404 -11.1563 185.4697 2.76 1313
7536.69285 18.7246 0.0513 -67.7508 236.8127 3.13 1315
7536.71206 18.7107 0.0551 -133.7826 257.1047 2.95 1643
7536.73551 18.7748 0.0551 164.3088 242.2846 3.05 1761
7536.75671 18.6929 0.0341 -219.6839 163.3272 3.05 1376
7536.78081 18.6613 0.0364 -375.6426 179.4010 2.32 1332
7536.79904 18.7321 0.0359 -32.2706 165.6986 2.76 1346
7536.81643 18.6084 0.0508 -647.2345 260.9074 2.66 1281
7536.83365 18.7006 0.0376 -182.2982 178.4027 3.28 1428
7536.85478 18.7337 0.0356 -24.9405 164.0500 3.18 1420
7536.87955 18.7652 0.0433 120.8659 193.4263 3.32 1478
7536.89850 18.6617 0.0514 -373.5151 251.5216 3.58 2123
7536.91610 18.7200 0.0441 -89.5234 204.9519 3.26 1522
7545.77706 18.7838 0.0505 204.8132 220.7223 4.74 1271
7545.77865 18.7059 0.0472 -156.8915 222.1689 4.15 1270
7545.78028 18.7299 0.0452 -42.5072 208.3167 4.59 1275
7545.78387 18.7476 0.0462 39.8057 209.2506 4.63 1305
7545.79976 18.9409 0.0636 859.0442 239.2223 4.97 1304
7545.89985 18.7159 0.0573 -108.6763 265.7049 6.43 1535
7546.78262 18.6843 0.0335 -261.5281 161.7316 2.60 1095
7546.80266 18.7580 0.0384 87.8869 173.0666 3.56 1283
7546.82126 18.5829 0.0372 -782.8844 196.6656 3.17 1248
7546.84768 18.7493 0.0367 47.7520 166.8127 3.33 1320
7546.86946 18.7510 0.0407 55.4736 184.1379 3.61 1417
7546.90176 18.6287 0.0536 -541.1974 270.0157 5.31 1875
7546.91991 18.6903 0.0508 -232.2430 241.8882 4.45 2004
7547.55926 18.6996 0.0464 -186.8986 219.7456 4.20 1356
7547.58332 18.8258 0.0470 389.0984 198.1271 4.24 1263
7547.60139 18.7521 0.0398 60.9174 180.1785 3.66 1283
7547.62002 18.7878 0.0371 222.4446 162.7402 3.41 1151
7547.64488 18.7574 0.0399 85.2240 179.7914 3.60 1058
7547.66985 18.7236 0.0397 -72.4880 184.3797 3.36 1029
7547.68759 18.8315 0.0564 413.5284 235.4470 4.43 1151
7547.70497 18.7369 0.0376 -9.6022 172.7716 3.64 1094
7547.72949 18.5921 0.0341 -733.7054 179.4370 3.86 1063
7547.75212 18.7313 0.0422 -36.1002 194.5828 4.40 1068
7547.77699 18.7898 0.0510 231.2473 221.8414 4.35 1091
7547.81380 18.7548 0.0468 73.1834 210.5759 3.74 1053
7547.83102 18.7460 0.0458 32.6779 207.8176 4.04 1145
7547.84829 18.7161 0.0379 -107.7305 177.5062 3.56 1087
7547.87812 18.6995 0.0375 -187.3631 178.2417 3.75 1163
7547.89498 18.8889 0.0528 652.9037 209.4130 4.20 1230
7547.91259 18.8488 0.0421 486.7905 174.0682 3.91 1347
7548.61898 18.6974 0.0353 -197.8947 168.0649 3.60 1131
7548.63729 18.7069 0.0335 -151.8393 158.4489 3.19 1117
7548.65522 18.7563 0.0435 79.9633 195.8863 3.04 1033
7548.68609 18.7506 0.0337 53.9440 153.1675 2.87 985
7548.71191 18.7181 0.0397 -98.1962 185.2427 3.14 1027
7548.72982 18.7026 0.0330 -172.5758 156.5586 3.11 1073
7548.74938 18.7002 0.0305 -184.0490 145.1208 3.00 1000
7548.76972 18.7524 0.0359 62.2562 162.7817 3.26 1010
7548.79226 18.8333 0.0370 420.9787 155.5390 3.20 1158
7548.81715 18.8100 0.0373 320.3776 160.3319 3.30 1117
7548.83494 18.7788 0.0406 182.0998 179.3315 3.39 1046
7548.89906 18.6156 0.0514 -609.3477 262.1317 4.17 988
7549.68551 18.6951 0.0440 -209.0515 209.5945 2.92 1017
7549.70406 18.7282 0.0462 -50.5138 212.9880 2.84 969
7549.72504 18.6344 0.0312 -511.9734 157.9613 3.00 988
7549.74365 18.8985 0.0896 691.6213 346.2391 2.96 913
7549.76091 18.6751 0.0328 -306.8560 159.9097 2.85 1113
7549.79031 18.7440 0.0749 23.3389 335.9155 3.15 1065
7549.80885 18.7363 0.0468 -12.4731 214.2868 3.36 1106
7549.82635 18.6694 0.0407 -335.3762 198.6322 3.08 1127
7549.84376 18.6407 0.0365 -479.8626 183.3446 3.32 1113
7549.86319 18.7311 0.0342 -36.8074 157.9239 3.25 1164
7549.88621 18.6681 0.0408 -341.4633 199.0940 3.27 1212
7549.91244 18.6107 0.0397 -635.0082 204.7814 4.30 1459
7550.57597 18.6337 0.0484 -515.3890 243.0204 5.47 1445
7550.59464 18.7149 0.0579 -113.5948 268.6156 6.20 1447
7550.61221 18.8000 0.0637 276.4454 272.7854 4.85 1424
7550.63278 18.7370 0.1088 -9.4623 483.7148 6.48 1325
7550.65787 18.7682 0.0466 134.3737 206.9341 4.66 1291
7550.67541 18.8035 0.0470 292.1891 202.2629 4.33 1215
7550.80137 18.9619 0.0609 939.6760 225.0594 4.22 1755
7550.82986 18.7753 0.0449 166.3472 198.4659 3.80 1763
7550.84761 18.6506 0.0406 -429.2527 201.6181 3.67 1802
7550.86509 18.7031 0.0465 -170.4252 219.6074 4.17 1926
7550.88441 18.6156 0.0467 -609.3903 238.6523 4.10 2104
7550.90295 18.6626 0.0726 -368.8478 351.1612 5.22 2245
7551.65920 18.8437 0.0531 465.6291 219.5273 3.50 1321
7551.68979 18.6843 0.0978 -261.4287 458.5708 4.15 1294
7551.70862 18.6373 0.0587 -497.3229 292.6788 3.29 1230
7551.73100 18.6850 0.0358 -258.3495 172.5738 3.38 1119
7551.74826 18.6717 0.0539 -323.7720 261.0995 3.48 1244
7551.76546 18.6271 0.0771 -549.6428 384.6224 3.76 1255
7551.78698 18.6501 0.0555 -431.9678 273.9848 3.10 1269
7554.56102 18.6739 0.0708 -312.9973 339.2112 5.70 2182
7554.56446 18.6730 0.1101 -317.3394 518.7411 5.24 2984
7554.58024 18.5441 0.0408 -995.4501 223.6020 4.46 1533
7554.60120 18.7232 0.0458 -74.3570 212.0178 4.69 1463
7554.61872 18.5928 0.0392 -729.6212 205.6403 3.87 1498
7554.63981 18.6255 0.0459 -558.0195 232.6204 3.42 1760
7554.79433 18.8029 0.1033 289.2590 433.3427 4.55 1535
7554.81133 18.5381 0.0445 -1029.3312 244.3901 3.47 1221
7554.83164 18.6192 0.0592 -590.6104 299.9319 3.85 1258
7554.86136 18.4087 0.1086 -1800.2672 653.3231 5.33 1378
7554.88596 18.2756 1.2868 -2695.5259 5386.7509 6.18 1082
7555.54823 18.6123 0.0409 -626.7681 210.3152 3.68 1797
7555.57295 18.6735 0.0413 -315.0356 200.8000 3.93 1637
7555.59259 18.6933 0.0446 -217.6096 212.4247 4.48 1668
7555.64316 18.7741 0.0454 161.0514 200.5502 3.74 1534
7555.66303 18.6652 0.0401 -355.9386 196.5558 4.08 1554
7555.68430 18.6438 0.0497 -464.1559 247.5341 4.39 1597
7555.70318 18.5789 0.0373 -804.4698 198.1035 3.64 1511
7555.72352 18.6376 0.0337 -495.6205 169.9129 3.16 1417
7555.74525 18.6194 0.0342 -589.5142 175.1640 3.19 1488
7555.76964 18.6620 0.0395 -371.8947 194.3083 3.24 1431
7555.79661 18.6051 0.0337 -664.4699 175.1929 3.30 1499
7555.81549 18.5976 0.0348 -704.3283 181.7535 3.35 1471
7555.83304 18.6749 0.0387 -307.8248 188.2891 3.35 1393
7555.85458 18.6429 0.0351 -468.5307 175.7927 3.71 1350
7555.88446 18.5887 0.0348 -751.8029 183.3733 3.56 1273
7557.53882 18.7962 0.0597 259.7504 257.1077 4.05 2778
7557.55629 18.5815 0.0530 -790.3140 278.9547 4.16 2582
7557.58582 18.6799 0.0560 -283.2916 268.9717 3.35 2174
7557.60331 18.5861 0.0392 -765.8755 206.4809 3.59 2137
7557.62068 18.5806 0.0381 -795.3718 202.1383 3.44 1912
7557.63844 18.6358 0.0472 -505.0622 236.8134 3.35 2003
7557.65570 18.6330 0.0459 -519.3970 230.8882 3.36 1957
7557.68569 18.5156 0.0405 -1156.5882 227.9851 2.87 1942
7557.70577 18.5746 0.0351 -827.8606 187.4989 3.16 1854
7557.72515 18.5409 0.0436 -1013.1545 239.1143 2.79 2316
7557.74319 18.5724 0.0502 -839.8483 266.5214 3.19 2374
7557.76039 18.4772 0.0350 -1380.7507 204.4879 3.43 2393
7557.78218 18.5674 0.0369 -866.8193 197.8874 3.29 2321
7557.80880 18.6690 0.0461 -337.3354 224.6885 3.82 2217
7557.82617 18.5731 0.0461 -835.8713 245.0897 4.30 2304
7557.84407 18.6021 0.0479 -680.3224 248.1016 3.75 2281
7557.86501 18.5128 0.0529 -1172.9561 296.6383 4.39 2593
7557.88095 18.5801 0.0608 -798.1756 319.0890 5.91 2475
7561.56418 18.4059 0.0412 -1818.1903 256.1425 4.14 2895
7561.70936 18.3588 0.0314 -2122.9042 204.6401 3.18 2123
7561.72759 18.3824 0.0308 -1968.7298 196.4114 3.14 2150
7561.74470 18.3271 0.0290 -2335.8624 195.3202 3.65 2146
7561.76203 18.4119 0.0356 -1780.1174 220.5067 3.61 2175
7561.78325 18.3670 0.0402 -2069.1758 258.9386 4.23 2759
7562.51496 18.4256 0.0382 -1693.9023 233.5030 4.77 1654
7562.53192 18.3629 0.0407 -2095.8912 263.6441 4.68 2471
7562.70044 18.3116 0.0478 -2442.3612 323.3069 3.95 2886
7566.53705 17.5762 0.0209 -9711.3415 281.1755 5.37 1603
7566.56381 17.6050 0.0192 -9324.5746 252.4278 5.13 1636
7566.58490 17.5258 0.0181 -10413.7686 255.6888 4.68 1599
7566.60216 17.5581 0.0176 -9959.6385 242.0071 4.63 1498
7566.62280 17.5065 0.0157 -10691.7326 225.7206 4.29 1260
7566.64612 17.5173 0.0156 -10535.2163 222.2278 3.57 1281
7566.67647 17.4459 0.0196 -11595.4494 297.7324 3.11 1039
7566.69567 17.4047 0.0215 -12239.8523 338.8567 2.73 1015
7566.71286 17.3896 0.0240 -12482.3286 383.0341 2.94 1183
7566.73580 17.3416 0.0312 -13275.0499 518.9569 2.64 1289
7566.75309 17.4379 0.0147 -11719.4044 225.4105 3.14 1383
7566.77094 17.4468 0.0145 -11581.9337 220.9463 3.67 1429
7566.80330 17.3745 0.0160 -12728.5667 260.0288 3.39 1613
7566.82160 17.4648 0.0171 -11307.5990 256.5176 4.78 1701
7566.83874 17.4271 0.0157 -11886.2748 243.6933 4.45 1892
7566.85347 17.4044 0.0194 -12245.3804 306.2885 4.52 1933
7567.51427 17.0243 0.0131 -19499.1480 294.7523 5.96 1924
7567.53239 17.0635 0.0129 -18628.9709 279.0437 5.91 1814
7567.54977 17.0290 0.0133 -19392.8851 297.8109 4.24 1903
7567.57777 17.0372 0.0116 -19209.5292 257.3104 4.10 1795
7567.60119 17.0013 0.0118 -20025.6902 270.7230 3.27 1565
7567.62538 16.9513 0.0153 -21209.3890 367.3653 3.61 1651
7567.64316 16.9282 0.0151 -21774.2486 369.8639 3.14 1583
7567.66126 16.8606 0.0180 -23498.0126 469.4536 3.06 1867
7567.66279 16.9472 0.0208 -21308.8116 500.6357 2.87 1628
7567.68552 16.9349 0.0130 -21608.3014 317.4379 3.44 1406
7567.71223 16.8383 0.0265 -24088.7507 703.2594 3.25 1691
7567.72961 16.8808 0.0140 -22969.8097 358.4569 3.24 1580
7567.74830 16.8506 0.0199 -23762.1626 523.5485 3.06 1466
7567.76937 16.8234 0.0126 -24493.6849 340.6498 3.39 1552
7567.79064 16.8209 0.0130 -24560.6267 353.4393 3.84 1720
7567.81530 16.8278 0.0130 -24372.1450 350.8646 3.67 1741
7567.84104 16.8364 0.0096 -24140.2815 255.8372 4.15 1816
7567.85835 16.7646 0.0108 -26137.9416 309.6006 4.32 2018
7568.51925 16.1846 0.0062 -48168.0132 300.9595 5.61 1526
7568.53862 16.1696 0.0067 -48909.2059 333.6499 4.58 1485
7568.55567 16.1538 0.0068 -49697.9400 339.8622 3.80 1301
7568.58415 16.1301 0.0081 -50907.0295 417.2114 3.95 1269
7568.60442 16.1189 0.0068 -51488.4897 354.4376 3.97 1240
7568.62149 16.1103 0.0083 -51935.9409 436.2864 3.68 1307
7568.63909 16.0932 0.0077 -52842.5742 407.8818 3.73 1176
7568.65665 16.0819 0.0099 -53449.0808 532.2849 3.28 1125
7568.68820 16.0926 0.0062 -52873.6404 328.1034 3.74 1123
7568.70804 16.0700 0.0090 -54094.0742 488.1006 3.63 1210
7568.72595 16.0743 0.0068 -53861.4820 369.6990 3.83 1273
7568.74376 16.0838 0.0058 -53343.5532 310.1646 4.92 1406
7568.76497 16.0679 0.0073 -54207.2910 398.6599 3.69 1228
7568.78709 16.0895 0.0060 -53039.1952 322.6673 4.57 1326
7568.81936 16.0459 0.0057 -55419.6772 317.1564 5.79 1599
7568.83680 16.0982 0.0059 -52575.8245 313.6643 5.41 1559
7569.52066 16.6660 0.0115 -29103.4434 359.9699 5.52 1607
7569.54219 16.6857 0.0085 -28490.3973 262.8620 4.69 1463
7569.56247 16.6946 0.0092 -28215.8211 279.7739 4.38 1425
7569.59983 16.6928 0.0178 -28269.0885 540.9759 3.16 1284
7569.61999 16.7012 0.0136 -28012.6354 410.2919 3.08 1261
7569.63730 16.7132 0.0153 -27648.8438 457.7567 3.14 1339
7569.65499 16.7311 0.0152 -27116.4985 447.0280 2.95 1321
7569.67466 16.7667 0.0128 -26075.8243 366.1671 4.07 1093
7569.70287 16.7924 0.0098 -25349.4380 274.2331 3.74 1290
7569.72068 16.8153 0.0123 -24714.2626 335.3375 3.37 1321
7569.73866 16.8067 0.0184 -24950.3326 503.9496 3.06 1252
7569.75647 16.8290 0.0123 -24341.5863 332.5082 3.87 1366
7569.77490 16.8320 0.0095 -24259.9765 254.6987 4.09 1426
7569.79607 16.8760 0.0153 -23095.5523 393.0689 4.57 1516
7569.82171 16.9043 0.0238 -22369.6215 595.0659 4.92 1730
7570.58079 17.3565 0.0469 -13025.7221 764.2403 4.90 1168
7570.60898 17.3487 0.0403 -13156.6443 664.1703 3.80 1112
7570.64306 17.3276 0.0386 -13514.1716 648.3439 3.25 1084
7570.66242 17.3987 0.1941 -12335.5624 2847.5425 5.13 893
7570.68383 17.0446 0.1236 -19044.9122 2593.7548 4.88 853
7570.70160 17.3773 0.0320 -12682.0080 515.7416 2.59 1143
7570.71866 17.3305 0.0316 -13464.2031 531.6698 2.70 1105
7570.74697 17.3623 0.0642 -12929.8276 1033.3042 3.01 965
7570.78302 17.5821 0.2565 -9632.1002 3092.2661 4.58 841
7570.78813 17.3650 0.1003 -12885.1496 1584.2242 4.18 972
7570.80418 17.4106 0.0214 -12146.8269 335.2403 3.25 1233
7570.83467 17.4011 0.0184 -12297.5648 291.3465 4.36 1200
7575.54796 18.4420 0.0337 -1593.0651 203.4884 4.29 1248
7575.56543 18.3919 0.0330 -1907.1067 208.7723 3.91 1136
7575.58288 18.3465 0.0378 -2204.9343 248.4482 4.11 1221
7575.60059 18.3354 0.0342 -2279.4420 227.3935 4.45 1006
7575.61825 18.4632 0.0612 -1464.2733 357.8031 4.22 664
7575.64837 18.3106 0.0276 -2449.2111 188.5009 4.04 1130
7575.68516 18.3696 0.0273 -2051.7622 176.6583 2.95 1056
7575.71097 18.3064 0.0294 -2478.4503 201.1653 3.02 1015
7575.73018 18.4287 0.0256 -1674.8297 157.2089 3.09 1047
7575.75445 18.3670 0.0341 -2069.1811 220.7823 3.29 1141
7575.77578 18.4415 0.0264 -1595.7914 160.1022 3.17 1087
7575.80109 18.4794 0.0311 -1367.5203 181.4946 3.20 1168
7575.82118 18.4002 0.0281 -1854.2991 176.9497 3.17 1229
7575.84095 18.4884 0.0340 -1314.4252 196.8773 3.77 1330
7576.47503 18.4404 0.0619 -1602.6307 369.6180 6.43 1704
7576.49391 18.5076 0.0412 -1202.7021 233.5753 5.41 1459
7576.51167 18.5568 0.0418 -924.9108 226.3503 5.42 1406
7576.54262 18.4688 0.0432 -1430.4889 253.0633 4.74 1277
7576.56081 18.4449 0.0375 -1574.8742 225.1929 3.88 1201
7576.57864 18.5854 0.0391 -769.5523 206.3612 4.21 1219
7576.65045 18.4298 0.0296 -1668.3681 181.0146 2.92 1115
7576.67074 18.4410 0.0298 -1598.9613 180.3984 2.90 1046
7576.69893 18.4899 0.0305 -1305.6313 176.5208 3.48 1124
7576.71896 18.4521 0.0367 -1531.2501 219.2390 4.86 1111
7576.73645 18.5266 0.0394 -1094.1364 219.3165 3.78 1077
7576.75455 18.4313 0.0298 -1659.0336 182.2180 4.22 1093
7576.77206 18.4847 0.0273 -1336.4506 158.8697 3.29 963
7576.79267 18.5049 0.0303 -1218.1192 172.6150 3.75 1116
7576.81502 18.3762 0.0356 -2008.8419 227.8756 4.65 1183
7584.52893 18.5771 0.0548 -813.8966 289.3725 6.37 1909
7584.56435 18.7487 0.0556 45.2377 250.5418 5.03 1787
7584.58555 18.6986 0.0565 -191.8490 266.2599 4.66 1705
7584.61191 18.6195 0.0516 -588.8704 262.3409 5.83 1611
7584.63426 18.7929 0.0570 245.1922 246.2441 4.55 1349
7584.65245 18.6664 0.0464 -350.2374 226.6312 4.95 1598
7584.67019 18.5184 0.0448 -1140.8666 250.9245 5.22 1636
7584.68775 18.7195 0.0536 -91.6934 248.3232 5.40 1618
7584.72476 18.6353 0.0474 -507.3810 238.0447 5.30 1651
7584.74279 18.6316 0.0509 -526.6111 255.9421 5.66 1649
7584.76189 18.6208 0.0576 -582.1177 291.5884 6.16 1604
7585.51694 18.8280 0.0726 398.5621 301.5028 4.96 2694
7585.53527 18.8361 0.0723 433.1945 298.0565 4.14 2597
7585.55291 18.7409 0.0706 8.6817 318.2253 5.07 2427
7585.57209 18.7646 0.0550 117.9949 244.4257 4.38 2297
7585.59290 18.7247 0.0535 -67.1382 246.7736 4.57 1945
7585.61934 18.7214 0.0469 -82.5485 217.4352 3.88 1872
7589.75010 18.6382 0.0570 -492.7451 284.3036 4.55 2697
7589.76764 18.6960 0.0506 -204.4967 239.9673 3.92 2826
7589.78963 18.6957 0.0567 -206.1946 267.9987 4.57 2926
7590.49207 18.7223 0.0484 -78.5562 224.1578 3.69 2337
7590.51333 18.7081 0.0553 -146.0217 258.7565 4.32 2101
7590.55092 18.6372 0.0419 -497.4185 210.7194 3.49 2119
7590.56869 18.8115 0.0564 326.9343 239.7059 4.27 2955
7590.58629 18.6506 0.0444 -429.6393 219.9848 3.37 2360
7590.60435 18.6380 0.0424 -493.3313 212.6778 3.17 1935
7590.62617 18.8121 0.0469 329.4525 199.9992 3.12 1720
7590.65495 18.7133 0.0548 -121.1751 255.1303 3.18 1750
7590.67247 18.7268 0.0431 -57.2048 199.4933 3.21 1769
7591.49988 18.7365 0.0382 -11.8573 175.6316 3.52 1466
7591.51731 18.8126 0.0573 331.9358 243.1858 3.24 1511
7591.53635 18.8084 0.0531 313.4853 226.5060 3.27 1591
7591.55379 18.8049 0.0465 298.3205 199.5968 3.35 1599
7591.57541 18.8141 0.0492 338.2220 209.1905 3.59 1713
7591.60072 18.7043 0.0407 -164.2980 192.1273 3.00 1500
7591.61917 18.6980 0.0448 -194.7473 212.5116 2.95 1390
7591.64640 18.7510 0.0525 55.4328 236.3399 3.23 1490
7591.66398 18.8371 0.0465 437.5748 194.0424 3.87 1555
7591.68148 18.7597 0.0485 95.5926 217.1659 3.16 1499
7591.72944 18.6408 0.0534 -479.5156 265.7805 4.15 2202
7591.74722 18.6802 0.0619 -281.7150 296.3078 4.93 2258
7593.50136 18.8041 0.0434 294.5565 186.8190 4.19 1213
7593.53004 18.9054 0.0567 719.5490 221.0618 3.49 1175
7593.54772 18.6977 0.0447 -196.2125 211.9594 4.21 1241
7593.56615 18.6741 0.0542 -311.6376 261.6909 3.56 1141
7593.58438 18.7775 0.0987 176.2039 424.5980 3.29 1111
7593.60303 18.6624 0.0612 -370.0135 297.6482 3.98 1367
7593.62521 18.8042 0.0656 295.1189 279.6218 4.61 1472
7593.65168 18.6639 0.0440 -362.8111 215.2924 4.16 1480
7593.66918 18.6331 0.0473 -518.7026 237.7696 3.46 1775
7593.68671 18.7705 0.0327 144.6390 145.9164 3.17 1068
7593.78467 18.9651 0.0780 951.6942 284.9021 4.82 1340
7595.58089 18.5832 0.0449 -781.1026 236.8139 5.55 1297
7595.60417 18.7177 0.0576 -100.4637 266.7225 6.21 1067
7595.62386 18.7009 0.0547 -180.7082 257.5292 5.96 1293
7595.67159 18.6111 0.0437 -632.8150 224.8584 5.73 1357
7595.68960 18.7093 0.0512 -140.2115 239.8513 6.46 1234
7595.70741 18.5855 0.0487 -768.8850 255.7802 5.34 1258
7595.72608 18.8660 0.0554 558.9419 224.0692 5.34 1302
7596.50929 18.8390 0.0728 445.4905 299.6232 4.62 1325
7596.52732 18.6243 0.0819 -563.9756 408.6058 4.46 1364
7596.54468 18.7738 0.0798 159.8420 347.5852 4.26 1349
7596.56278 18.8567 0.2106 519.9640 801.0621 4.80 1258
7596.58586 18.4903 0.1068 -1303.1498 596.3252 3.95 1273
7597.48217 18.6301 0.0995 -534.1137 490.2371 5.07 1641
7597.51598 18.7999 0.0668 275.9769 285.6844 4.15 1480
7597.53350 18.7773 0.0560 175.6741 245.5714 3.13 1361
7597.55145 18.7840 0.0549 205.4960 239.4742 2.99 1271
7597.56944 18.6632 0.0432 -366.2144 211.7626 3.41 1268
7597.59069 18.7121 0.2751 -127.1441 1161.8181 4.68 1090
7597.61737 18.8641 0.0858 551.1879 342.7245 3.47 1243
7597.63467 18.7405 0.0563 6.8824 255.6510 3.39 1196
7597.65235 18.7620 0.0446 105.9944 199.6376 2.83 1089
7597.67295 18.7918 0.0408 240.1859 177.7278 3.16 1009
7597.69171 18.7572 0.0680 84.2631 302.2038 3.20 1076
7597.72055 18.7047 0.0730 -162.4996 339.5894 3.16 1022
7597.73854 18.7146 0.0413 -115.2201 193.4209 3.49 1249
7597.75774 18.7333 0.0492 -26.7163 225.2779 3.50 1240
7597.77347 18.6682 0.0479 -340.9129 233.4412 3.48 1259
7598.48897 18.5801 0.0651 -797.9237 341.0312 3.85 1536
7598.50769 18.7790 0.0709 182.9477 308.5941 3.89 1442
7598.52523 18.8615 0.0963 540.2157 383.9598 3.34 1394
7598.55496 18.7609 0.1500 101.0618 640.1062 2.84 1280
7598.57439 18.6427 0.0482 -469.6132 240.3408 2.69 1185
7598.59589 18.6948 0.0962 -210.3474 447.0664 3.22 1003
7598.61370 18.6969 0.0449 -200.2174 212.9832 3.20 1113
7598.63111 18.7456 0.0565 30.6881 255.2223 3.01 1152
7598.65502 18.7174 0.0753 -101.8055 346.0316 3.34 1226
7598.68196 18.6778 0.0647 -293.4659 309.9367 3.83 1257
7598.70004 18.7272 0.0945 -55.1066 426.8276 3.65 1102
7598.71832 18.7480 0.0719 41.9966 321.6935 3.78 1111
7598.74288 18.6075 0.0830 -651.6589 420.6542 4.99 1210
7598.76372 18.8702 0.0925 576.1450 366.3639 5.42 1200
7599.48294 18.6348 0.0359 -510.0713 181.0961 3.64 1425
7599.51052 18.7278 0.0462 -52.7267 213.1276 3.46 1282
7599.52935 18.7190 0.0579 -94.3439 267.7860 3.06 1246
7599.54687 18.7705 0.0719 144.6234 315.3028 2.57 1160
7599.56406 18.7300 0.0560 -42.3263 256.7019 2.63 1140
7599.58176 18.7596 0.0520 95.0779 232.2560 2.77 1112
7599.61535 18.7770 0.0411 174.2769 181.5027 2.41 1047
7599.63448 18.6931 0.0330 -218.6476 157.9883 2.53 1081
7599.65237 18.7560 0.0325 78.5431 147.1015 2.72 1071
7599.67001 18.7255 0.0367 -63.4170 170.2117 3.16 1100
7599.69110 18.7752 0.0363 166.1526 161.0506 3.36 1083
7599.72100 18.8509 0.0424 495.8839 174.9743 4.00 1098
7599.74000 18.8132 0.0475 334.4385 202.3521 3.75 1119
7599.76100 18.7515 0.0344 57.9465 156.3071 3.49 1132
7599.77534 18.6820 0.0432 -272.8641 208.1206 3.92 1198
7600.49674 18.6940 0.0368 -214.1997 175.6941 2.85 1290
7600.51523 18.7144 0.0466 -115.8151 217.6755 3.15 1248
7600.53301 18.7118 0.0909 -128.6189 417.1396 2.62 1212
7600.55615 18.7014 0.0400 -178.5818 189.6419 2.60 1218
7600.58298 18.7056 0.0823 -158.3892 381.0928 2.27 1152
7600.60552 18.6446 0.0946 -459.8242 461.0243 2.37 1091
7600.62895 18.8840 0.0725 632.8061 286.2013 2.95 1290
7600.64761 18.8400 0.0600 449.7160 248.0128 2.57 1278
7600.67043 18.7131 0.0702 -122.2501 324.8014 2.69 1166
7600.71232 18.5024 0.0986 -1232.6374 546.5881 3.37 1151
7600.73573 18.7364 0.0661 -12.0375 299.8408 3.37 1310
7600.75442 18.8230 0.0992 377.1110 409.0983 3.50 1259
7600.77011 19.3480 0.8282 2173.5651 1541.9245 5.79 1067
7601.49894 18.7297 0.0840 -43.7767 380.1793 3.72 1411
7601.51664 18.9926 0.1020 1054.6687 359.4619 3.65 1342
7601.53445 18.6541 0.1040 -411.7304 500.0790 4.07 1336
7601.56312 18.8538 0.0546 508.1166 223.3286 3.39 1204
7601.60807 18.7443 0.0699 24.8152 314.0026 3.28 1189
7601.62550 18.6747 0.0802 -308.9794 382.4676 2.83 1278
7601.62697 18.7770 0.0455 174.3133 200.5993 3.32 1256
7601.64470 18.6723 0.0484 -320.9711 234.8056 3.29 1156
7601.66582 18.5160 0.3084 -1154.4906 1537.2863 5.13 856
7601.69102 18.6781 0.0320 -292.1690 155.3786 3.20 953
7601.70878 18.7748 0.0361 164.3682 160.2525 3.34 989
7601.72631 18.7137 0.0988 -119.5389 450.7119 3.61 1048
7601.74392 18.7229 0.0459 -75.5698 212.8874 4.19 1098
7601.75265 18.7742 0.0553 161.7043 243.4083 3.58 1046
7602.48679 18.6629 0.0443 -367.5710 217.1367 5.12 1439
7602.50818 18.7385 0.0438 -2.2417 200.3072 4.42 1402
7602.53304 18.6728 0.0393 -318.4914 191.2033 3.87 1321
7602.55082 18.7793 0.0388 184.6669 171.4272 3.31 1253
7602.56849 18.7673 0.0358 130.0822 159.9295 3.22 1232
7602.58822 20.4557 0.9923 4021.2282 624.0110 5.23 1370
7602.59152 18.6410 0.0374 -478.1273 187.4696 4.43 1151
7602.60919 18.7093 0.0373 -140.5800 175.8605 3.81 1225
7602.63866 18.8237 0.0468 379.9950 197.4536 3.43 1147
7602.65626 18.7472 0.0357 38.0310 162.6888 3.38 1195
7602.68297 18.6799 0.0358 -283.2708 173.5174 3.51 1152
7602.70195 18.7188 0.0361 -95.2391 168.5567 3.31 1167
7602.71831 18.8064 0.0527 304.6210 225.6064 3.50 1210
7602.75194 18.7452 0.0358 28.8162 163.1054 3.32 1303
7603.48927 18.7488 0.0471 45.6228 213.0071 4.64 1245
7603.50689 18.7556 0.0441 77.0081 198.2748 3.22 1156
7603.52463 18.8170 0.0397 351.0720 169.2432 2.94 1103
7603.54226 18.7418 0.0301 13.0299 138.0624 2.85 1099
7603.56007 18.7466 0.0500 35.1926 226.3304 2.55 989
7603.58214 18.7657 0.0451 122.9005 201.0060 2.88 823
7603.60764 18.6766 0.0542 -299.5334 261.1384 2.73 1035
7603.62527 18.7293 0.0375 -45.4672 173.4336 2.56 1045
7603.64296 18.6987 0.0366 -191.4702 174.2174 2.93 1021
7603.66080 18.6347 0.0455 -510.2916 228.7855 2.79 979
7603.68336 18.6412 0.0577 -477.4725 286.7629 2.86 987
7603.70798 18.6304 0.0348 -532.5945 176.5487 3.13 971
7603.72561 18.7333 0.0385 -26.8573 177.2944 3.64 1058
7603.75003 18.7390 0.0336 -0.1858 154.0984 3.41 1058
7605.47117 18.6053 0.0551 -663.2513 283.4832 4.19 1601
7605.49773 18.7663 0.0408 125.6280 182.0761 3.05 1192
7605.51526 18.7848 0.0425 209.0575 186.2489 2.67 1063
7605.53271 18.6646 0.0356 -359.3345 174.7647 2.80 1031
7605.55003 18.6453 0.0434 -456.1966 216.2997 2.78 1028
7605.57419 18.7115 0.0439 -129.9842 205.9260 2.66 1048
7605.60002 18.7700 0.0607 142.6134 267.6227 2.76 1124
7605.61929 18.6990 0.0354 -189.8342 168.5537 3.18 1141
7605.63664 18.6885 0.0385 -241.2426 184.7148 3.29 1165
7605.65434 18.7779 0.0487 178.0918 214.1669 3.14 1113
7605.67238 18.7399 0.0442 4.1939 201.9819 3.16 1126
7605.70084 18.7535 0.0391 67.1787 176.8621 3.74 1198
7605.71835 18.6561 0.0571 -401.5010 279.8862 3.39 1201
7605.73592 18.7903 0.0461 233.6526 200.6943 3.31 1265
7605.74472 18.7501 0.0401 51.3755 181.8090 3.11 1237
7606.47131 18.7726 0.0462 154.3099 204.5507 3.79 1931
7606.48905 18.7322 0.0435 -31.8634 200.0715 3.83 1405
7606.50663 18.7432 0.0404 19.5679 184.0214 3.89 1279
7606.53674 18.7714 0.0412 148.6486 182.8193 3.75 1265
7606.55437 18.7007 0.0385 -181.8653 182.9333 4.12 1178
7606.57461 18.7589 0.0504 92.1773 225.4601 4.12 975
7606.59293 18.7090 0.0320 -141.9108 151.3203 2.80 1065
7606.62207 18.7764 0.0433 171.4991 191.1788 4.46 1122
7606.64312 18.7547 0.0465 72.5187 209.2261 4.03 1091
7606.66905 18.7693 0.0408 139.4871 181.5358 3.90 1043
7606.68637 18.8124 0.0579 330.8507 245.7369 5.10 1096
7606.70410 18.7750 0.0425 164.9265 187.9233 4.09 1094
7606.72154 18.8533 0.0450 505.7043 184.8399 4.33 1197
7606.74292 18.7512 0.0489 56.5252 220.5435 5.21 1278
7606.75658 18.7434 0.0525 20.3645 237.9667 5.64 1348
7607.47480 18.6884 0.0346 -241.5619 166.5489 3.25 1428
7607.49957 18.6678 0.0644 -343.1284 311.5458 2.89 1178
7607.50116 18.6910 0.0297 -228.6903 142.8846 2.89 1204
7607.51888 18.7203 0.0336 -88.1394 156.8541 2.77 1185
7607.53658 18.6934 0.0361 -217.0659 172.7152 3.41 1250
7607.55484 18.6806 0.0534 -279.5611 256.3537 3.09 1121
7607.56441 18.7561 0.0440 78.9516 198.0110 2.96 1162
7607.58168 18.7020 0.0518 -175.3985 243.9731 2.64 1029
7607.61116 18.6924 0.0370 -221.9491 177.1116 2.85 1062
7607.62925 18.7436 0.0428 21.4568 194.7613 3.07 935
7607.64717 18.7830 0.0370 200.9716 162.7176 3.52 983
7607.66559 18.8178 0.0409 354.4507 173.8772 3.18 945
7607.68339 18.7552 0.0468 75.0599 210.5414 4.73 1014
7607.71194 18.7488 0.0392 45.3045 177.7632 3.87 1013
7607.73703 18.8150 0.0505 342.3989 214.3375 3.82 1062
7608.47100 18.6415 0.0422 -475.6297 211.1843 3.95 1953
7608.48893 18.7045 0.0394 -163.6343 186.2288 3.08 1098
7608.50875 18.7448 0.0376 26.7471 171.5484 3.49 1143
7608.52597 18.8712 0.0419 580.4303 169.7594 3.12 1123
7608.55112 18.7692 0.0389 138.8049 173.4105 3.06 1112
7608.58009 18.7889 0.0331 227.4345 145.0485 2.87 889
7608.60010 18.7882 0.0400 224.5124 175.1038 2.95 1136
7608.61848 18.7590 0.0364 92.5644 163.6700 2.98 1120
7608.63703 18.7877 0.0379 222.0664 165.9857 3.54 1158
7608.65856 18.8110 0.0389 324.9892 166.7049 3.46 1100
7608.69853 18.7059 0.0422 -156.7119 198.9903 4.36 1051
7608.71681 18.7528 0.0376 63.7226 170.3069 3.52 1103
7608.73648 18.6478 0.0487 -443.4389 241.4288 3.95 1231
7608.75189 18.7725 0.0416 153.9676 184.4331 4.18 1235
7609.47135 18.7824 0.0472 198.2485 206.8105 3.63 2128
7609.49028 18.6762 0.0364 -301.4916 176.7023 3.52 1353
7609.50875 18.8097 0.0379 319.3657 162.6946 3.27 1294
7609.54583 18.6697 0.0563 -333.5004 272.5683 2.51 1289
7609.56599 18.7820 0.0398 196.6870 175.1337 2.73 1033
7609.59023 18.7306 0.0466 -39.2828 214.1668 2.89 1171
7609.60756 18.6889 0.0341 -239.0868 163.7426 3.00 1205
7609.63026 18.6692 0.0352 -335.9350 172.2295 2.66 1108
7609.65406 18.7426 0.0346 16.9004 158.2970 3.07 1127
7609.67940 18.7092 0.0491 -140.9867 229.8824 3.10 1117
7609.69705 18.7475 0.0369 39.6064 167.7820 3.52 1083
7609.71823 18.7560 0.0344 78.8631 155.4723 3.29 1094
7609.74278 18.7347 0.0458 -20.1051 210.1243 3.41 1210
7610.47586 18.8033 0.0821 291.1271 347.3863 4.48 1917
7610.49879 18.7303 0.0469 -40.7652 215.9499 2.89 1346
7610.52353 18.6672 0.0577 -345.9637 280.1100 2.51 1239
7610.54107 18.7067 0.0563 -152.8383 263.7538 2.58 1215
7610.56367 18.7232 0.0726 -74.2291 332.2034 2.59 1027
7610.58895 18.7620 0.0534 106.1694 237.8266 3.07 1210
7610.61156 18.8531 0.0459 504.9511 188.6985 3.03 1250
7610.64329 18.7029 0.0379 -171.2054 179.4083 3.48 1298
7610.66124 18.8818 0.0496 623.7964 198.3674 3.12 1270
7610.67897 18.8268 0.0539 393.4273 226.2795 3.63 1359
7610.69648 18.7928 0.0440 244.6995 191.3731 4.15 1353
7610.71453 18.8106 0.0569 323.1472 241.8155 3.84 1034
7610.73561 18.7487 0.0444 45.2225 201.0195 4.17 1347
7611.49079 18.7514 0.1048 57.3535 460.3921 3.71 2471
7611.58527 18.8185 0.0478 357.6480 202.4983 3.23 1671
7611.60463 18.7420 0.0421 13.8322 191.9271 3.33 1539
7611.62328 18.7534 0.0373 66.7517 168.6362 3.19 1273
7611.64101 18.8492 0.0428 488.5426 176.9891 3.71 1269
7611.66275 18.7195 0.0410 -91.9170 191.2137 3.95 1304
7611.69085 18.6828 0.0429 -269.1883 206.6112 4.31 1374
7611.71128 18.7194 0.0599 -92.0558 276.7376 5.24 1412
7611.73476 18.6934 0.0415 -217.1845 197.9726 4.35 1379
7612.47486 18.7277 0.0441 -53.0834 203.6020 3.39 1775
7612.51360 18.7895 0.0503 229.8976 218.6752 3.07 2012
7612.53882 18.7456 0.0394 30.4602 179.2253 3.63 1539
7612.55781 18.7170 0.0464 -103.4406 216.0727 3.40 1405
7612.57720 18.7556 0.0534 77.0238 239.2108 3.32 1598
7612.59620 18.7660 0.0410 124.5123 183.1168 3.10 1633
7612.61510 18.7760 0.0438 169.5952 193.2596 3.37 1688
7612.64440 18.8165 0.0494 348.8425 209.6162 3.50 1575
7612.66220 18.8017 0.0540 283.8920 231.9160 3.89 1599
7612.67959 18.7481 0.0515 42.4590 232.7761 3.52 1691
7612.69776 18.8190 0.0547 359.7278 231.1212 3.95 1559
7612.71550 18.8678 0.0519 566.4163 209.7191 4.09 1576
7612.73106 18.6029 0.0413 -675.9487 214.2202 4.45 1520
7613.49423 18.7530 0.0514 64.8070 231.0428 3.57 2633
7613.51305 18.8153 0.0539 343.5498 228.7672 3.39 2845
7613.53595 18.6840 0.0400 -262.9471 192.4344 2.75 2618
7616.48644 18.7790 0.0566 183.3496 247.6492 4.47 2722
7616.50389 18.6950 0.0504 -209.2551 238.9562 4.11 2749
7616.52605 18.7968 0.0571 262.6768 245.8075 3.77 2833
7616.55548 18.7378 0.0460 -5.7684 210.3319 3.28 2039
7616.57286 18.6862 0.0532 -252.0642 254.2990 2.81 1933
7616.59051 18.7580 0.0405 87.9013 182.2254 3.24 1889
7616.60080 18.7263 0.0513 -59.4946 236.2650 3.24 1939
7616.61908 18.7183 0.0720 -97.3931 330.9570 3.06 1903
7616.63653 18.7950 0.0587 254.7077 253.2149 3.45 2093
7616.66678 18.7224 0.0490 -78.0757 226.6987 3.18 2033
7616.68479 18.8147 0.0584 341.0582 247.3646 4.10 2235
7616.70246 18.9155 0.0608 759.8179 234.3058 4.34 2283
7616.71123 18.8237 0.0585 380.1057 245.5501 4.15 2575
7617.47992 18.6605 0.0432 -379.6932 212.5373 3.96 2219
7617.49759 18.6824 0.0606 -270.7579 289.5537 3.23 1902
7617.51517 18.9437 0.1489 870.1446 537.2446 4.41 2084
7617.53663 18.7433 0.0422 19.7982 192.4309 3.19 2011
7617.56148 18.6997 0.0378 -186.5676 179.5213 2.94 1818
7617.57937 18.7203 0.0464 -88.1141 215.5652 2.89 1916
7617.59736 18.8257 0.0548 388.4074 230.1547 3.26 1893
7617.61630 18.7228 0.0520 -76.3082 240.2070 3.09 1853
7617.63789 18.6784 0.0353 -290.4278 171.2860 3.16 1883
7617.67821 18.7427 0.0475 17.1816 215.8712 4.24 2056
7617.69587 18.7575 0.0452 85.5121 202.9225 3.36 2185
7617.71044 18.6374 0.0436 -496.8262 218.8566 3.68 2239
7618.47569 18.8498 0.0517 491.2347 212.6904 3.77 2415
7618.49351 18.7115 0.0416 -129.7773 194.9668 3.15 1937
7618.51100 18.7501 0.0572 51.5867 257.2164 3.35 2277
7618.52903 18.6944 0.0614 -212.1308 290.0771 2.81 1835
7618.55925 18.6223 0.0453 -574.5777 230.3286 3.13 1852
7618.57738 18.7678 0.0420 132.6164 187.2111 2.91 1909
7618.59492 18.6858 0.0356 -254.2068 171.7413 3.14 1822
7618.61250 18.7650 0.0424 119.9796 189.2291 3.25 1866
7618.63013 18.6789 0.0428 -288.2845 206.9271 3.17 1845
7618.65236 18.8200 0.0518 363.8851 218.9724 3.74 2128
7618.67725 18.7319 0.0430 -32.9990 197.7012 3.46 2218
7618.69483 18.7590 0.0495 92.5006 221.5440 3.76 2453
7618.70528 18.8041 0.0556 294.5923 238.0444 3.44 2542
7619.48552 18.6689 0.0453 -337.4865 220.4894 4.22 1728
7619.50359 18.6959 0.0516 -205.0957 244.4373 4.03 1698
7619.52911 18.9047 0.0804 716.6833 310.1476 5.96 1783
7619.55609 18.7469 0.0588 36.6921 265.0395 5.77 1640
7619.65868 18.7748 0.0778 164.4050 338.8512 6.05 1879
7619.67647 18.8180 0.0592 355.2687 249.8170 5.42 1810
7620.56949 18.7506 0.0717 53.8204 320.0195 6.34 1379
7621.48609 18.6728 0.0369 -318.0939 179.9240 3.53 1280
7621.50725 18.7762 0.0440 170.4556 194.2260 3.15 1186
7621.53310 19.0526 0.1690 1270.0472 546.8546 4.47 1099
7621.55252 18.8062 0.0460 304.0101 197.3728 3.44 1322
7621.57082 18.6753 0.0503 -306.0979 243.1959 5.26 1419
7621.58934 18.8370 0.0585 436.8106 242.7173 5.26 1399
7621.60793 18.8297 0.0507 405.6895 212.3068 4.14 1641
7621.63861 18.8103 0.0484 321.8574 206.7563 3.47 1304
7621.65682 18.8443 0.0594 468.0048 244.7126 3.94 1503
7621.67632 18.7817 0.0618 195.3508 269.3689 4.98 1411
7621.69681 18.7418 0.0506 13.1607 229.9222 4.52 1580
7622.48274 18.7213 0.0399 -83.3991 185.5727 2.94 1082
7622.50078 18.7401 0.0518 5.1871 235.6394 3.01 1213
7622.53531 18.7204 0.0505 -87.4778 234.1273 2.96 1055
7622.55510 18.7779 0.0580 178.0663 254.1300 2.85 1153
7622.57307 18.7040 0.0408 -165.7631 192.8166 3.93 1370
7622.59058 18.8400 0.0550 449.7964 227.7783 3.08 1317
7622.60836 18.8472 0.0535 480.0807 220.3341 4.01 1376
7622.62948 18.7540 0.0518 69.3679 232.5872 4.73 1370
7622.65438 18.6981 0.0500 -194.1497 236.5398 4.80 1400
7622.67342 18.7171 0.0557 -103.3053 258.5023 5.23 1408
7622.69238 18.7611 0.0479 102.2165 213.9965 4.62 1264
7623.47701 18.7386 0.0451 -1.7193 206.1031 3.49 1728
7623.49646 18.7043 0.0503 -164.6060 236.5578 2.88 1274
7623.51985 18.6943 0.0372 -212.7887 177.9260 3.32 1323
7623.54662 18.8027 0.0372 288.2941 160.8175 3.01 1204
7623.56456 18.8124 0.0419 331.0802 178.9351 3.31 1166
7623.58223 18.7894 0.0360 229.8197 157.6519 3.19 1109
7623.60089 18.7452 0.0346 28.7214 157.9863 3.42 1053
7623.61871 18.7671 0.0401 129.4785 178.9467 4.12 1050
7623.64757 18.6351 0.0420 -508.1999 211.2461 5.17 1241
7623.66542 18.6931 0.0454 -218.7538 216.1769 5.12 1254
7623.69185 18.7281 0.0481 -51.2285 221.6354 4.92 1434
7624.47489 18.7423 0.0705 15.5164 317.1265 4.53 2294
7624.49633 18.6732 0.0408 -316.3551 198.5533 3.59 1263
7624.51445 18.7213 0.0453 -83.1409 210.3643 3.90 1280
7624.54855 18.7428 0.0556 17.6713 252.0603 4.03 1122
7624.56862 18.6743 0.0570 -310.7477 274.8767 4.30 1191
7624.58644 18.7265 0.0467 -58.4643 215.6112 3.59 1177
7624.60443 18.7980 0.0368 267.5962 159.6589 3.35 1103
7624.62206 18.7432 0.0453 19.7544 206.2468 4.82 1169
7624.64412 18.8111 0.0551 325.1268 234.2532 4.68 1083
7624.67256 18.7234 0.0444 -73.1811 205.7353 5.51 1214
7624.69028 18.7877 0.0506 221.8698 220.5386 5.43 1279
7625.47496 18.7170 0.0452 -103.4303 210.5520 4.00 1832
7625.49531 18.6961 0.0409 -203.9998 194.5662 3.28 1204
7625.51533 18.7602 0.0439 97.6877 196.8553 4.11 1233
7625.54092 18.6448 0.0369 -459.1323 184.5437 3.79 1237
7625.56713 18.7235 0.0411 -72.7588 190.8137 3.99 1321
7625.58565 18.7680 0.0426 133.2670 189.5658 4.31 1353
7625.60342 18.8126 0.0450 331.9211 191.9563 4.37 1269
7625.62178 18.6544 0.0345 -410.0881 171.2814 3.62 1209
7625.64001 18.7006 0.0380 -182.2130 180.2538 3.89 1196
7625.66871 18.7214 0.0356 -82.9723 165.8892 3.54 1104
7625.68657 18.7623 0.0407 107.6974 182.3932 4.23 1060
7626.47643 18.7977 0.0441 266.5034 190.8889 3.50 1708
7626.49404 18.7717 0.0579 150.0293 255.1692 2.85 1244
7626.51264 18.6847 0.0459 -259.6763 220.1402 2.86 1232
7626.53085 18.7490 0.0413 46.3698 187.1339 2.87 1074
7626.55986 18.7715 0.0334 149.5174 148.6691 2.96 1165
7626.57805 18.7148 0.0456 -114.1958 212.7224 3.16 1165
7626.60094 18.8359 0.0484 432.3732 201.9426 3.82 1185
7626.62531 18.7189 0.0374 -94.4584 174.6607 3.83 1206
7626.64321 18.7453 0.0465 29.3437 211.1800 4.03 1149
7626.66483 18.7172 0.0347 -102.6221 162.5847 3.78 1178
7626.68249 18.6841 0.0342 -262.5305 165.3671 3.64 1138
7628.50659 18.1915 0.2170 -3320.1663 1518.5439 5.72 1202
7629.52097 18.8804 0.0645 618.1222 256.3445 6.35 1226
7629.60973 18.7013 0.0596 -179.0881 279.9070 6.26 1122
7629.62792 18.9035 0.0594 711.6965 231.8262 5.72 1103
7629.64592 18.5650 0.0364 -879.9144 195.8223 4.63 1113
7629.66717 18.8055 0.0510 300.9553 218.5973 5.35 1128
7629.68249 18.6495 0.0422 -434.7809 209.7078 4.81 1093
7630.49048 18.6172 0.0421 -600.8430 215.2361 2.69 1233
7630.51996 18.7006 0.0388 -182.3995 184.2887 2.75 1098
7630.53805 18.6876 0.0351 -245.3518 168.9535 2.87 1128
7630.55855 18.6857 0.0352 -254.7679 169.7461 3.35 1102
7630.58115 18.7668 0.0448 127.9158 199.5289 3.04 1018
7630.59975 18.7458 0.0416 31.4639 189.2312 3.24 993
7630.62243 18.7595 0.0417 94.6468 187.1534 3.38 1078
7630.64809 18.7520 0.0387 60.4726 174.9565 3.09 1044
7630.66756 18.7636 0.0334 113.5407 150.1075 3.21 1068
7630.67970 18.7948 0.0365 253.6334 158.8751 3.28 1105
7631.47953 18.6884 0.0386 -241.4642 185.2952 3.13 1660
7631.49769 18.6589 0.0434 -387.4729 213.5883 2.68 1191
7631.51987 18.6963 0.0471 -203.1394 223.3737 3.00 1258
7631.54236 18.7083 0.0373 -144.9720 175.6681 3.04 1182
7631.57304 18.7573 0.0421 84.7554 189.3234 4.18 1198
7631.59087 18.8683 0.0521 568.2731 210.5322 5.55 1172
7631.60838 18.8538 0.0469 508.1068 192.7082 4.38 1153
7631.62787 18.7455 0.0403 30.3780 183.4930 3.89 1153
7631.64804 18.8438 0.0443 465.9925 183.6844 4.05 1132
7631.67949 18.8016 0.0555 283.4973 237.9978 4.77 1209
7632.58302 18.7384 0.0350 -2.7002 160.5259 3.41 1037
7632.60027 18.7717 0.0355 150.0090 157.9555 3.24 1095
7632.61769 18.7881 0.0415 223.8696 181.5153 3.43 1227
7632.63766 18.7613 0.0378 102.9053 169.8655 3.30 1183
7632.67077 18.7971 0.0495 263.8579 214.0687 3.25 1033
7632.69172 18.7040 0.0374 -166.0117 177.0099 3.47 1201
7633.48570 18.6703 0.0459 -330.8643 223.1464 4.58 1413
7633.50706 18.6938 0.0410 -215.0908 195.4829 3.97 1263
7633.52530 18.7337 0.0470 -24.8878 215.4359 4.83 1279
7633.54545 18.8214 0.0484 369.8313 204.6086 4.65 1245
7633.56742 18.7303 0.0475 -40.9433 218.5951 5.18 1233
7633.59168 18.6101 0.0396 -638.1676 204.2384 4.72 1203
7633.62970 18.7635 0.0458 113.0445 204.4166 4.74 1254
7633.64858 18.7705 0.0657 144.5833 288.7892 5.84 1257
7633.67185 18.8113 0.0522 326.0639 222.2305 5.48 1255
7635.50884 18.7996 0.0592 274.6756 254.2308 6.13 1362
7635.52650 18.8203 0.0538 365.2195 227.2531 5.22 1359
7635.54456 18.9729 0.0675 981.1384 245.9717 5.63 1314
7635.56327 18.9090 0.0630 733.9831 244.0467 6.12 1214
7635.58407 18.6585 0.0525 -389.6961 257.1801 6.15 1307
7635.61249 18.7447 0.0521 26.6930 235.9498 5.62 1271
7635.63287 18.6845 0.0510 -260.4528 244.0773 5.10 1272
7635.65051 19.0423 0.0755 1234.0682 257.1581 5.64 1138
7636.48907 18.8379 0.0569 440.8933 236.1364 4.68 1105
7636.50838 18.6491 0.0518 -436.8430 256.2740 4.73 1339
7636.53891 18.8087 0.0471 315.0212 201.4812 4.75 1353
7636.55639 18.7527 0.0455 63.4656 205.1833 5.61 1235
7636.58117 19.0711 0.0631 1334.1233 210.4593 6.19 1213
7636.60143 18.7810 0.0539 191.9945 235.7126 6.38 1254
7636.66741 18.9004 0.0687 699.4565 267.7067 6.20 1307
7637.48717 18.7974 0.0547 265.3002 235.6234 3.91 1131
7637.50554 18.7150 0.0342 -113.2658 160.3584 3.24 1153
7637.52340 18.7290 0.0342 -46.8230 158.6435 2.71 1101
7637.54104 18.7194 0.0324 -92.4087 151.4502 3.09 1066
7637.56327 18.7234 0.0376 -73.0958 174.7179 3.78 1102
7637.58888 18.7426 0.0392 16.5405 179.1179 3.85 1103
7637.60683 18.7373 0.0365 -8.0118 167.5693 3.73 1169
7637.62391 18.7716 0.0507 149.5460 224.2430 5.43 1282
7637.64494 19.0327 0.0665 1200.0239 229.4773 5.22 1320
7638.49403 18.8487 0.0690 486.4388 281.8482 3.88 1622
7638.51151 18.7853 0.0587 211.1406 255.3669 3.54 1611
7638.54108 18.8481 0.1072 484.0684 430.4016 4.95 1798
7638.55843 18.8405 0.0475 451.9910 197.4582 4.78 1342
7638.57703 18.8235 0.0389 379.0353 164.9331 3.03 1333
7638.59787 18.6681 0.0535 -341.5185 259.9297 3.46 1545
7638.62058 18.7829 0.0497 200.4949 217.4943 3.70 1278
7638.63867 18.7677 0.0361 132.2326 161.0630 3.22 1255
7638.66740 18.7695 0.0431 140.2582 191.4081 4.30 1268
7639.49146 18.7787 0.0548 181.7585 240.0631 2.85 1482
7639.50917 18.8049 0.0401 297.9608 172.8145 3.30 1470
7639.52691 18.7787 0.0490 181.6182 215.2092 3.12 1556
7639.54482 18.7980 0.0422 267.9148 182.6989 3.40 1382
7639.56611 18.6830 0.0761 -267.7688 360.8819 2.89 1369
7639.59122 18.7240 0.0506 -70.3975 233.9442 3.00 1274
7639.60885 18.7419 0.0489 13.3245 222.4998 3.01 1275
7639.62627 18.7205 0.0365 -86.8446 170.1817 3.33 1293
7639.64543 18.7151 0.0409 -112.6369 191.2730 3.85 1207
7640.48981 18.7768 0.0552 173.2579 242.1972 3.49 2194
7640.51099 18.6691 0.0493 -336.4245 239.5909 3.42 2706
7640.53768 18.7720 0.0460 151.5020 203.9350 3.63 1892
7640.55515 18.6927 0.0417 -220.3880 199.0059 3.75 1838
7640.57307 18.7012 0.0598 -179.2521 280.7497 3.53 2461
7640.59070 18.7608 0.0521 100.8533 232.3071 3.62 1877
7640.60815 18.7746 0.0501 163.3537 221.1272 3.91 1923
7640.64280 18.7631 0.0429 111.1538 191.8109 3.28 1869
7641.55637 18.6800 0.0511 -282.8361 245.8375 3.59 2990
7641.58569 18.9024 0.0703 707.2145 273.1459 4.06 2894
7643.51526 18.7516 0.0578 58.3961 259.3249 5.04 1965
7643.53331 18.8421 0.0580 458.5983 239.3837 4.55 1919
7643.56881 18.8441 0.0599 467.2757 246.6230 5.03 1974
7643.58660 18.6967 0.0545 -201.0421 257.8867 4.96 2183
7643.61651 18.8634 0.0580 547.9241 234.7590 4.73 2285
7643.63431 18.8358 0.0725 431.8340 299.1649 5.80 2522
7645.57141 18.7535 0.0735 67.2663 327.1288 4.77 2355
7645.58928 18.7540 0.0707 69.5953 314.9951 6.13 2848
7645.60713 18.7271 0.0575 -55.6065 264.2051 5.51 2178
7647.49146 18.6899 0.0429 -234.1314 205.2179 3.70 1961
7647.50959 18.7624 0.0395 108.1550 176.9300 3.09 1776
7647.52706 18.6844 0.0544 -261.3334 260.1058 3.16 1839
7647.54463 18.6781 0.0401 -291.9714 194.3454 3.53 1822
7647.56253 18.8353 0.0493 429.6920 205.5024 3.68 1869
7647.59304 18.8110 0.0506 324.8709 215.5533 4.19 1971
7647.61067 18.7541 0.0487 69.9919 218.9942 4.15 2074
7647.62396 18.7566 0.0599 81.4189 267.5655 4.68 2104
7648.48414 18.6436 0.0522 -464.9073 259.6320 2.51 1817
7648.50163 18.6672 0.0411 -346.2674 200.7019 3.04 1580
7648.52006 18.8008 0.0488 279.9597 210.0377 2.87 1713
7648.53888 18.7533 0.0445 66.0513 200.8104 3.07 1656
7648.56085 18.6552 0.0413 -406.1053 204.0086 2.96 1755
7648.58574 18.6947 0.0530 -210.9435 251.1891 3.10 1863
7648.60366 18.8049 0.0502 298.1887 215.1074 3.68 1943
7648.61951 18.8116 0.0601 327.3590 255.0700 3.89 2044
7649.48386 18.7778 0.0482 177.8271 212.2399 3.82 1698
7649.50195 18.7348 0.0399 -19.6682 183.2068 3.16 1710
7649.51994 18.7127 0.0491 -124.3218 229.1540 3.86 1683
7649.54140 18.7374 0.0462 -7.6047 211.0608 4.34 1861
7649.56738 18.6770 0.0459 -297.6235 222.0610 3.76 1727
7649.58924 18.9655 0.0784 953.3941 286.4024 5.73 1879
7649.60761 18.8144 0.0660 339.7069 278.5721 5.01 1894
7649.61959 18.9028 0.0643 708.8875 250.5103 5.18 1987
7650.49757 18.7694 0.0517 139.9872 229.0363 5.29 1268
7650.51672 18.8148 0.0563 341.3443 238.6430 5.46 1324
7650.57876 18.9817 0.0823 1014.1193 295.5807 5.55 1649
7650.61602 18.9814 0.0675 1013.0353 243.9572 5.30 1568
7651.48657 18.7281 0.0516 -51.1777 237.3608 5.19 1626
7651.50457 18.7352 0.0527 -17.9061 240.6402 4.83 1541
7651.53529 18.8100 0.0473 320.2934 202.0114 4.20 1536
7651.55311 18.6790 0.0468 -287.6229 225.7309 3.99 1689
7651.57120 18.6489 0.0516 -438.1762 255.3462 4.30 1731
7651.58920 18.8210 0.0523 368.1128 220.8191 3.75 1836
7651.61475 18.7074 0.0577 -149.5529 269.7188 4.31 1924
7652.49827 18.8614 0.0520 539.5889 211.6122 3.94 1266
7652.51939 18.9047 0.0492 716.7343 192.7398 3.64 1211
7652.54638 18.8335 0.0514 421.8287 214.6874 3.69 1238
7652.56547 18.7387 0.0434 -1.3592 198.5103 3.93 1370
7652.58320 18.8550 0.0453 512.8732 185.9017 3.67 1398
7652.61078 18.7649 0.0476 119.1406 211.9953 3.66 1356
7653.49992 18.7790 0.0391 183.3288 172.6603 3.87 1232
7653.52196 18.7218 0.0356 -80.7010 166.0888 3.59 1239
7653.54411 18.7447 0.0439 26.6768 199.7305 3.57 1211
7653.56450 18.8729 0.0486 587.5798 195.7424 4.85 1281
7653.58265 18.8212 0.0541 369.0103 227.9849 4.38 1334
7653.58401 18.7042 0.0464 -165.1253 218.8000 4.46 1314
7653.60665 18.8325 0.0647 417.6498 268.8214 4.74 1382
7654.52400 18.6784 0.0336 -290.7090 162.9026 2.95 1404
7654.55317 18.7041 0.0334 -165.6249 158.5506 3.02 1354
7654.57265 18.7540 0.0407 69.4094 183.6073 3.51 1423
7654.59195 18.7909 0.0564 236.4130 244.3550 3.48 1427
7654.60849 18.7484 0.0490 43.5569 221.3565 4.70 1469
7655.48456 18.7264 0.0427 -59.2611 197.4575 3.80 1630
7655.50305 18.8255 0.0425 387.5776 179.3918 3.56 1266
7655.52165 18.7641 0.0364 115.6003 163.0471 3.34 1234
7655.55090 18.8387 0.0402 444.3280 168.0333 3.82 1277
7655.56915 18.7407 0.0405 7.9636 184.9269 3.97 1293
7655.58686 18.7589 0.0474 91.8596 212.3264 4.15 1329
7655.60237 18.6848 0.0363 -259.2908 174.9691 3.51 1337
7656.48935 18.7337 0.0422 -24.8784 193.8572 3.48 1518
7656.50782 18.7735 0.0385 158.4811 170.8606 3.33 1322
7656.52579 18.7076 0.0393 -148.7635 185.1676 3.38 1335
7656.54700 18.8207 0.0446 366.8512 188.8010 4.17 1383
7656.57330 18.8821 0.0471 625.2567 188.2338 3.49 1410
7656.59977 18.6304 0.0367 -532.5796 186.1071 3.85 1464
7657.50101 18.7603 0.0432 98.4514 193.7747 3.45 1393
7657.51905 18.8285 0.0549 400.5361 229.9108 3.50 1361
7657.53872 18.7089 0.1056 -142.4181 482.5765 3.14 1427
7657.56186 18.7695 0.0675 140.0489 296.8812 3.18 1376
7657.59583 18.7005 0.0416 -182.8579 197.1604 3.72 1350
7658.48841 18.7393 0.0536 1.4384 243.8681 3.25 1548
7658.50739 18.7161 0.0778 -108.0451 357.4410 2.88 1337
7658.52800 18.6480 0.0639 -442.5747 314.6663 2.97 1343
7658.54983 18.7821 0.0464 197.0740 203.5772 3.38 1342
7658.56747 18.8024 0.0524 287.3812 225.1119 3.46 1392
7658.59676 18.7216 0.0490 -81.5729 226.9887 4.70 1635
7659.49760 18.7300 0.0474 -41.9488 218.0504 3.36 1456
7659.51559 18.7285 0.0401 -49.3846 185.3173 3.29 1417
7659.53346 18.7867 0.0425 217.5875 185.9865 3.90 1451
7659.55284 18.8639 0.0438 550.2135 178.3104 3.78 1455
7659.57105 18.7942 0.0401 251.1534 174.6345 3.77 1431
7659.59307 18.8166 0.0494 349.1706 209.6245 3.52 1455
7660.52969 18.6727 0.0507 -319.0378 245.7643 3.64 1506
7660.54888 18.7304 0.0408 -40.3337 188.1529 3.60 1449
7660.56689 18.7214 0.0400 -82.9315 185.9510 3.62 1504
7660.58817 18.7855 0.0415 212.0534 181.8925 3.65 1374
7661.49527 18.6954 0.0391 -207.2798 186.4029 3.16 1398
7661.51330 18.7655 0.0362 121.9543 161.9015 3.09 1388
7661.53463 18.7188 0.0455 -95.1744 211.5248 3.37 1421
7661.55974 18.6875 0.0358 -245.8940 171.9925 3.47 1368
7661.58420 18.7741 0.0416 160.9671 184.4254 3.62 1454
7662.48650 18.7674 0.0415 130.8913 185.0374 3.45 1883
7662.50441 18.7838 0.0380 204.7585 167.3049 3.40 1584
7662.52302 18.7780 0.0541 178.5180 237.2928 3.43 1553
7662.55347 18.7397 0.0467 3.1951 213.1182 3.22 1580
7662.58932 18.8450 0.0505 470.9937 208.6011 4.22 1595
7663.50040 18.7473 0.0426 38.3882 193.2381 3.03 1267
7663.51857 18.6784 0.0437 -290.8299 211.2270 2.98 1232
7663.53900 18.7302 0.0341 -41.3094 157.8985 3.22 1145
7663.57729 18.7057 0.0451 -157.8945 212.5528 4.13 1228
7664.49017 18.8074 0.0552 308.9548 235.8599 4.48 1738
7664.50873 18.7646 0.0477 117.9854 212.4021 3.74 1603
7664.53897 18.7444 0.0475 25.1625 215.5348 3.13 1741
7664.55678 18.9110 0.0603 741.7671 233.5428 4.64 1811
7664.57797 18.6661 0.0499 -351.8038 243.4525 4.73 2034
7665.52378 18.6635 0.1120 -364.4275 531.9003 4.32 1735
7665.54305 18.7598 0.1630 96.0357 692.3682 4.24 1670
7665.56101 18.5802 0.0850 -797.1886 441.1850 4.27 1673
7666.50160 18.7928 0.0533 244.8755 230.8072 4.26 1506
7666.51856 18.7364 0.0426 -12.0321 195.1344 3.96 1511
7666.53658 18.8447 0.0438 469.8232 181.5552 3.55 1511
7666.55829 18.8425 0.0600 460.1387 247.3655 3.88 1452
7666.57093 18.8108 0.0442 324.1182 189.0613 4.09 1535
7667.49556 18.7650 0.0631 119.7530 279.2475 3.11 1425
7667.52190 18.6420 0.0448 -473.2916 223.6954 3.16 1460
7667.54051 18.7618 0.0595 105.0292 264.3983 3.14 1443
7667.56702 18.7961 0.0489 259.3453 211.5568 4.20 1494
7668.49471 18.8298 0.0649 406.0845 270.1544 3.99 1948
7668.51360 18.8315 0.0474 413.5786 198.4844 3.66 1953
7668.53532 18.6867 0.0541 -250.0853 258.1219 4.74 2653
7668.56697 18.7960 0.0528 258.8568 228.0012 4.31 2057
7669.50333 18.6677 0.0601 -343.7943 291.1413 3.74 2673
7669.52067 18.8285 0.0562 400.5747 235.0449 3.89 2467
7669.53862 18.6510 0.0692 -427.3385 339.0533 3.81 2782
7669.56224 18.8034 0.0594 291.4146 254.0393 4.01 2842
7670.50789 18.6467 0.0434 -449.3715 215.8441 3.51 2284
7670.52718 18.6532 0.0793 -416.4938 385.7108 3.32 2631
7670.56071 18.8670 0.0670 563.0442 269.4548 3.85 2606
7671.51482 18.8035 0.0482 291.8015 207.0687 3.12 1893
7671.55544 18.6779 0.0470 -293.1845 226.8066 3.39 1983
7672.50428 18.8752 0.0617 596.8731 246.7988 3.86 2463
7672.52335 18.7953 0.0585 255.7087 252.2242 3.43 1990
7672.54246 18.6838 0.0571 -263.8529 272.8708 3.66 2891
7673.51096 18.7967 0.0580 262.1468 249.9178 3.03 1995
7673.52938 18.7453 0.0507 29.2030 229.7520 2.84 1891
7673.55542 18.6843 0.0567 -261.6039 271.0613 3.54 2073
7675.50127 18.7533 0.0477 66.2083 214.6135 3.86 1915
7675.51941 18.8662 0.0598 559.6567 241.2397 4.06 2026
7675.52697 18.7552 0.0501 75.1522 224.7959 4.08 2005
7675.54507 18.9343 0.0616 833.4452 233.2359 4.64 2158
7676.49933 18.8229 0.0715 376.2851 298.6457 6.41 2200
7676.52529 18.8852 0.0763 637.8994 300.1332 6.43 2335
7676.54076 18.7995 0.0691 274.1952 295.1931 5.03 2919
