7439.83549 18.9152 0.0780 758.3228 298.3702 6.46 2769
7439.87380 18.7824 0.0515 198.3012 225.4409 4.31 2224
7440.86045 18.7019 0.0423 -175.8540 200.3256 3.46 2738
7440.88155 18.7125 0.0450 -125.1528 210.5363 3.39 2626
7441.83949 18.8097 0.0554 319.2933 236.0650 3.51 2789
7441.87342 18.7742 0.0461 161.4524 203.9004 3.58 2475
7441.89386 18.6645 0.0378 -359.4809 185.6465 3.24 2531
7444.82986 18.6917 0.0427 -225.4126 204.0000 3.63 2283
7444.86239 18.8346 0.0546 426.9347 227.5026 4.17 2095
7444.88584 18.8222 0.0524 373.6529 221.1296 3.35 2027
7445.84746 18.7808 0.0474 191.0427 207.9372 3.75 2193
7445.88082 18.7428 0.0373 17.6549 170.2976 3.18 1944
7446.82164 18.8339 0.0485 423.8318 202.8653 3.98 2063
7446.84294 18.8910 0.0505 661.3125 199.9551 4.04 2036
7446.86649 18.6294 0.0331 -537.5867 167.9669 3.70 1829
7446.88756 18.7345 0.0410 -20.8640 188.2332 3.53 2001
7447.84342 18.7631 0.0432 111.0233 193.3027 3.63 1942
7447.86904 18.7472 0.0387 37.9504 175.9290 3.32 1766
7447.89428 18.7569 0.0441 82.7680 198.1532 3.27 2094
7448.81130 18.9779 0.0653 1000.1265 237.2539 5.41 2101
7448.83477 18.8712 0.0547 580.5288 220.0745 4.74 1928
7448.85800 18.8383 0.0454 442.5069 189.0750 3.98 1925
7448.88005 18.7861 0.0417 214.9446 182.5694 3.79 1762
7449.84624 18.9655 0.0669 953.1368 245.4633 4.95 2321
7449.86904 18.8485 0.0478 485.8250 197.1484 3.49 2057
7449.89397 18.8629 0.0545 545.9389 221.3023 4.26 2264
7450.80649 18.9773 0.0795 997.5928 287.1198 5.79 2753
7450.83180 18.8440 0.0568 466.6558 234.2074 4.31 2547
7450.85569 18.8524 0.0580 502.2413 237.1685 4.51 2397
7451.81258 18.9242 0.0602 793.7854 230.3005 4.95 2204
7451.83489 18.8387 0.0539 444.2193 223.5331 3.72 2091
7451.85652 18.7562 0.0419 79.6776 188.6402 3.60 2130
7451.88078 18.7171 0.0409 -103.0059 190.8431 3.60 2048
7452.82961 18.7072 0.0412 -150.2615 194.1621 3.55 1705
7452.86650 18.6974 0.0551 -197.9067 260.4133 3.05 1996
7452.88865 18.7115 0.0407 -129.8798 191.2317 2.99 1564
7453.80351 18.8200 0.0442 363.9287 187.2976 3.93 1787
7453.82703 18.7388 0.0382 -1.1050 175.1006 3.40 1722
7453.84953 18.7433 0.0383 20.2377 174.8556 3.24 1663
7453.87342 18.7017 0.0310 -177.1842 147.6406 3.18 1499
7454.82621 18.7753 0.0460 166.4786 203.0549 3.33 1768
7454.84859 18.7234 0.0345 -73.4515 160.4882 3.08 1563
7454.86958 18.7092 0.0366 -140.6955 172.5039 2.78 1458
7454.89200 18.7019 0.0397 -176.1287 187.9548 2.41 1534
7455.80732 18.7047 0.0532 -162.5128 249.7724 5.51 1704
7455.82777 18.8692 0.0509 572.0192 205.6948 4.36 1599
7455.85983 18.7792 0.0385 184.1423 169.8236 3.21 1538
7455.88266 18.7028 0.0353 -171.8015 167.4448 3.25 1628
7456.80075 18.7307 0.0408 -38.6243 188.2693 3.56 1976
7456.82166 18.6957 0.0346 -205.8773 165.3348 3.25 1744
7456.84538 18.7352 0.0361 -17.7618 165.9440 3.15 1714
7456.87985 18.6875 0.0355 -245.9166 170.6155 3.22 1759
7457.78460 18.9267 0.0714 803.8361 271.0916 5.32 2383
7457.80369 18.7682 0.0506 134.4562 224.2365 3.73 2273
7457.82809 18.7655 0.0432 122.2039 192.7444 3.66 2070
7457.85073 18.8567 0.0468 520.2138 191.4710 3.44 2002
7457.87169 18.6524 0.0328 -420.2597 163.0936 3.41 1777
7457.90409 18.7007 0.0386 -181.7472 183.3694 3.37 2280
7458.78210 18.7972 0.0471 264.2663 203.5880 3.88 1866
7458.80351 19.0967 0.0781 1421.0652 252.7875 5.02 1709
7458.82663 18.7316 0.0381 -34.5928 175.7524 3.55 1547
7458.84772 18.7171 0.0349 -103.3103 163.3913 3.39 1489
7458.86888 18.7009 0.0351 -180.6249 166.9185 3.09 1417
7458.90129 18.6882 0.0325 -242.5796 156.2593 3.18 1616
7460.77995 18.8406 0.0514 452.3307 212.9964 4.64 1749
7460.80000 18.8839 0.0499 632.5418 199.0811 4.25 1723
7460.82150 18.7771 0.0392 174.7642 173.4323 3.61 1626
7460.84249 18.7896 0.0411 230.7600 179.6532 3.72 1698
7460.86596 18.6650 0.0323 -356.8881 158.8829 3.51 1673
7460.88747 18.6717 0.0475 -323.6791 230.4573 3.19 1611
7461.79189 18.7609 0.1479 101.0940 632.0829 4.39 1654
7461.81479 18.8131 0.0449 334.1060 191.4875 3.68 1803
7461.83723 18.7327 0.0435 -29.6357 200.0019 3.51 1565
7461.85868 18.7311 0.0360 -37.1706 166.4871 3.10 1533
7461.88120 18.6789 0.0380 -287.9312 183.9948 3.22 1638
7462.79014 18.9673 0.0603 960.2830 221.5632 4.73 1985
7462.81565 18.8387 0.0459 444.2561 191.0218 4.38 1757
7462.83822 18.7441 0.0379 23.6868 172.8475 3.48 1623
7462.86346 18.6594 0.0373 -385.0196 184.1904 3.54 1547
7462.88576 18.6005 0.0340 -688.9505 177.5330 3.28 1460
7465.78730 18.7387 0.0505 -1.2301 230.0976 4.69 1875
7466.77022 18.8241 0.0575 381.8349 241.2938 4.72 2199
7466.79082 18.8174 0.0617 352.8878 260.0751 4.22 2388
7466.81136 18.8351 0.0826 428.8770 339.4812 3.88 2029
7466.83151 18.8045 0.3245 296.5982 1231.2484 4.74 1804
7466.86377 18.6875 0.0362 -245.7197 174.2982 3.07 1778
7466.88414 18.7022 0.0343 -174.5481 163.0263 3.03 1786
7466.90494 18.6242 0.0337 -564.6040 171.7697 2.77 1951
7469.84305 18.7898 0.0562 231.3894 243.7668 4.13 2628
7469.87772 18.7167 0.0423 -105.0762 197.6187 3.35 2299
7469.90287 18.7884 0.0503 225.1195 219.0366 3.69 2285
7470.79076 18.7767 0.0587 172.9317 257.3878 4.89 2721
7472.81442 18.8295 0.0557 404.8764 233.0638 4.75 2174
7472.83519 18.7418 0.0423 13.2226 192.9971 3.50 2056
7472.85783 18.7108 0.0437 -133.4587 204.8051 3.45 1918
7472.87805 18.7024 0.0377 -173.4137 178.5179 3.67 1944
7472.89892 18.7294 0.0378 -44.8037 174.8195 3.26 1889
7473.78810 18.8820 0.0708 624.7648 280.3361 4.19 2847
7473.88110 18.6272 0.0373 -549.2165 189.3835 2.76 2114
7474.76103 18.8042 0.0583 294.9135 249.2079 4.60 2644
7474.78274 18.8801 0.0555 617.0473 221.7024 4.19 2628
7474.80361 18.7617 0.0452 104.8594 202.1755 3.72 2508
7474.82399 18.7201 0.0450 -88.7584 208.9919 3.81 2486
7474.84410 18.7294 0.0426 -45.1618 196.4422 3.39 2418
7474.87737 18.7917 0.0450 239.8698 195.9618 3.40 2209
7474.89770 18.7756 0.0394 167.6889 174.2511 3.29 2160
7475.74232 19.0932 0.0861 1409.4787 278.5717 5.39 2818
7475.77684 18.6959 0.0493 -204.8009 233.9480 4.20 2580
7475.80053 18.6902 0.0413 -232.8534 197.5777 3.31 2404
7475.82379 18.7635 0.0464 112.7859 207.3016 3.35 2341
7475.86116 18.7474 0.0452 38.9603 204.8525 3.63 2381
7475.89278 18.6627 0.0363 -368.5511 178.6472 3.44 2219
7476.75384 18.8391 0.0580 445.7928 240.1495 4.09 2701
7476.77275 18.6911 0.0502 -228.5888 239.0527 3.83 2407
7476.79183 18.7179 0.0618 -99.3526 285.6588 3.50 2348
7476.82450 18.7714 0.0428 148.6715 189.9512 3.17 2397
7476.84523 18.7417 0.0564 12.7536 255.5742 3.12 2370
7476.86583 18.7252 0.0449 -64.8409 207.7920 3.37 2384
7476.86757 18.7490 0.0444 46.5315 201.2214 3.13 2484
7476.88921 18.8682 0.0710 567.9985 284.6221 4.75 2566
7477.80978 18.6781 0.0465 -292.2064 224.3112 4.08 2997
7477.83331 18.8763 0.0613 601.2163 244.9604 4.48 2905
7477.87641 18.8091 0.0652 316.5193 276.6595 4.69 2921
7478.74268 18.8185 0.0587 357.4757 247.7103 4.24 2658
7478.77873 18.8025 0.0473 287.7888 203.7403 3.58 2514
7478.80143 18.7341 0.0661 -23.0619 300.4690 3.33 2468
7478.82222 18.6160 0.0476 -607.5027 243.2389 4.06 2558
7478.84713 18.7852 0.0425 210.9930 186.4191 3.54 2668
7478.87042 18.7115 0.0388 -129.8277 182.4606 3.59 2268
7478.90825 18.6753 0.0430 -305.7804 208.6690 3.94 2554
7479.73585 18.8914 0.0531 662.8836 210.0956 4.59 1724
7479.75371 18.8187 0.0460 358.5105 195.1722 4.27 1560
7479.77141 18.7680 0.0487 133.6490 216.3338 4.58 1604
7479.78917 18.9089 0.0476 733.3720 185.8728 3.73 1518
7479.80707 18.8254 0.0457 387.2971 192.8643 3.76 1519
7479.84445 18.8358 0.0533 431.6694 221.9553 4.20 1555
7479.86233 18.8970 0.0514 685.7906 202.3593 3.72 1654
7479.87992 18.7616 0.0425 104.1448 190.5307 3.77 1542
7479.89963 18.7651 0.0416 120.4530 185.8782 2.92 1576
7479.91868 18.8665 0.0491 561.1649 198.9499 3.33 1873
7480.75217 18.7437 0.0517 21.7989 234.6281 5.19 1416
7480.78100 18.7625 0.0508 108.5614 226.2861 4.14 1537
7480.80108 18.8131 0.0546 334.0507 231.8138 4.64 1470
7480.81844 18.8543 0.0496 510.0746 203.3238 4.15 1514
7480.83618 18.7111 0.0582 -131.6108 271.0475 5.84 1602
7480.85407 18.7038 0.0516 -166.6036 242.7038 4.61 1567
7480.88292 18.7517 0.0466 58.8924 210.4339 3.91 1493
7480.90100 18.8643 0.0506 551.7452 205.5071 3.86 1519
7481.72324 18.7047 0.0513 -162.6332 241.1207 5.35 1449
7481.74208 18.9129 0.0607 749.3671 234.4016 4.81 1449
7481.76014 18.8318 0.0486 414.7139 203.4579 3.86 1320
7481.78123 18.7829 0.0418 200.8264 183.8425 3.23 1260
7481.81328 18.7663 0.0356 125.6331 159.2339 3.19 1226
7481.83197 18.7179 0.0340 -99.2715 159.1846 2.98 1305
7481.85014 18.7954 0.0377 256.1392 164.0505 3.23 1191
7481.86856 18.7403 0.0380 6.2674 173.8639 3.05 1272
7481.88678 18.9619 0.0935 939.7223 340.3572 3.18 1645
7482.75932 18.5316 0.6512 -1065.5769 2764.2986 4.80 1130
7482.77945 18.8108 0.0887 324.0040 371.5802 4.32 1414
7482.80012 18.7652 0.0511 120.8927 227.1915 3.58 1363
7482.82394 18.8362 0.0703 433.4285 290.2747 3.51 1445
7482.84352 18.7518 0.0665 59.5173 297.2851 3.81 1505
7482.86492 18.8554 0.1001 514.8835 400.5364 3.51 1518
7482.88847 18.8034 0.1275 291.4019 528.7912 4.77 1533
7484.72745 18.5256 0.0716 -1099.5352 393.3384 5.93 1165
7484.74831 18.6785 0.0504 -289.9806 242.6579 5.59 1313
7484.76747 18.7995 0.0543 274.6142 233.6435 5.25 1336
7484.78616 19.0175 0.0607 1145.4742 212.9608 4.40 1282
7484.80579 18.8574 0.0553 523.2808 225.3780 4.26 1293
7484.83922 18.9766 0.0534 995.1286 195.0925 3.65 1245
7484.85924 18.7942 0.0401 251.0357 174.3738 3.26 1273
7484.87867 18.7092 0.0320 -140.8629 150.9496 2.87 1250
7484.89835 18.7597 0.0357 95.4870 160.5543 3.00 1234
7485.72384 18.7194 0.0473 -92.1962 219.5455 4.74 1220
7485.75391 18.8830 0.0555 628.8174 220.8787 4.79 1164
7485.78091 18.7979 0.0457 267.3222 197.8030 4.13 1168
7485.81339 18.7891 0.0461 228.2497 200.9068 4.23 1193
7485.87829 18.7839 0.0498 205.1369 217.5875 4.44 1240
7485.91056 18.7803 0.0373 189.1678 164.6757 3.40 1162
7486.71228 18.6384 0.0535 -491.4894 267.0080 5.73 1457
7486.73642 18.6953 0.0494 -207.7009 234.3370 5.37 1373
7486.77403 18.8111 0.0400 325.1317 171.4213 3.30 1304
7486.79809 18.8224 0.0407 374.3791 172.5580 3.48 1323
7486.82156 18.8105 0.0433 322.4793 185.4822 3.86 1280
7486.85311 18.8638 0.0521 549.6747 211.4752 4.23 1354
7486.87790 18.7310 0.0384 -37.5160 177.2188 3.37 1354
7486.91383 18.9228 0.0544 788.4929 208.8387 3.91 1461
7487.72351 18.5751 0.0554 -824.8407 292.9888 6.44 1567
7487.75521 18.9573 0.0682 922.0851 252.2761 5.10 1412
7487.77644 18.7803 0.0442 188.7466 194.4956 3.84 1423
7487.79439 18.7960 0.0470 258.7377 203.4337 3.89 1397
7487.79725 18.7434 0.0489 20.3985 222.2095 3.99 1503
7487.81763 18.7326 0.0380 -29.8202 175.1227 3.19 1380
7487.83564 18.7982 0.0437 268.6844 189.2791 3.57 1402
7487.86639 18.8046 0.0496 296.9393 212.7332 4.14 1590
7487.88680 18.6753 0.0485 -305.8361 234.3489 3.03 1424
7487.90697 18.7291 0.0399 -46.4111 184.3771 3.38 1428
7488.70230 18.9889 0.0557 1040.9191 201.1934 4.44 1334
7488.72087 18.8172 0.0490 351.6561 208.0682 4.55 1325
7488.73815 18.6743 0.0529 -311.0195 255.6230 6.00 1354
7488.75614 18.8606 0.0551 536.3366 224.1595 4.61 1390
7488.79090 18.7492 0.0356 47.4471 161.9636 3.14 1257
7488.80881 18.8235 0.0402 379.1690 170.0591 3.62 1221
7488.83002 18.7575 0.0504 85.7199 225.7284 3.39 1406
7488.84777 18.7695 0.0424 140.0813 188.4659 3.66 1507
7488.86811 18.9067 0.0481 724.7620 188.1066 3.55 1545
7488.90203 18.8785 0.0627 610.4506 249.9470 3.96 1467
7488.92057 18.8820 0.0468 624.9527 187.1738 3.30 1487
7489.89204 18.6751 0.0367 -306.7058 178.3588 3.32 1379
7489.91535 18.8500 0.0543 492.0591 223.0977 3.39 1365
7491.69478 18.8757 0.0561 599.0679 224.9573 4.49 1460
7491.71248 18.7523 0.0472 61.7267 212.8613 4.11 1401
7491.73042 18.8659 0.0537 558.4547 217.2556 4.09 1422
7491.76194 18.8302 0.0502 407.8858 210.3364 3.44 1331
7491.78115 18.8180 0.0462 355.3026 196.2758 3.92 1321
7491.80015 18.8139 0.0380 337.4304 162.4412 3.07 1246
7491.81814 18.8104 0.0357 322.1460 153.5277 3.04 1255
7491.83524 18.7841 0.0431 205.8594 188.8781 2.97 1200
7491.86641 18.7047 0.0332 -162.3867 157.5585 3.02 1113
7491.90019 18.7857 0.0473 213.3619 206.5372 3.23 1175
7491.91880 18.6797 0.0363 -284.0453 175.8438 3.24 1186
7494.69459 18.8374 0.0495 438.5211 206.1494 4.14 1402
7494.71162 18.8341 0.0444 424.5020 185.8022 3.79 1338
7494.72971 18.6536 0.0540 -414.3736 265.6679 4.21 1390
7494.74781 18.8405 0.6835 452.0338 2154.0037 5.02 1006
7494.78002 18.8291 0.0403 403.3501 169.6393 3.18 1134
7494.78373 18.7678 0.0393 132.3851 175.3609 2.87 1175
7494.80766 18.7950 0.0479 254.5716 207.6557 3.47 1166
7494.82501 18.7957 0.0445 257.4063 192.8371 3.55 1231
7494.84410 18.7406 0.0380 7.2609 174.0701 3.51 1234
7494.86506 18.7100 0.0465 -137.2366 217.8519 2.73 1275
7494.89626 18.6600 0.0524 -382.2689 256.6535 2.54 1314
7494.91484 18.6611 0.0397 -376.4122 195.4418 2.89 1393
7495.71419 18.8591 0.0532 530.1177 216.8341 4.36 1508
7495.73287 18.8320 0.0448 415.6211 188.0104 3.71 1453
7495.75131 18.7696 0.0414 140.4909 183.9837 3.52 1457
7495.78052 18.8398 0.0455 448.9536 189.3289 3.47 1429
7495.79831 18.8176 0.0396 353.5361 168.4901 3.03 1215
7495.81916 18.7507 0.0778 54.1013 346.5567 3.20 1165
7495.83676 18.7246 0.0354 -67.6060 164.4956 2.89 1241
7495.85916 18.7266 0.0335 -58.1644 155.8015 2.96 1257
7495.87908 18.8291 0.0362 403.1007 152.7296 2.66 1243
7495.90767 18.7437 0.0402 21.8677 183.3673 3.09 1294
7497.83504 18.7372 0.0534 -8.2381 243.4228 4.05 1664
7497.85628 18.7564 0.0533 80.3663 238.7324 4.44 1614
7497.87503 18.7071 0.0529 -150.9618 247.7931 3.42 1405
7497.89232 18.6922 0.0390 -222.7856 186.4101 3.61 1407
7497.92325 18.7913 0.0495 238.0329 215.0793 3.96 1479
7498.67836 18.7052 0.0628 -159.9612 293.3152 6.01 2114
7498.69835 18.8440 0.0704 466.8547 288.5994 5.48 1908
7498.71932 18.8695 0.0583 573.3263 234.5487 4.34 1722
7498.73932 18.8458 0.0482 474.1864 199.1763 3.62 1628
7498.75705 18.6975 0.0538 -197.2479 254.2280 4.88 1743
7498.79082 18.8483 0.0488 484.8752 201.3023 3.53 1660
7498.80847 18.6758 0.0425 -303.2707 206.2063 3.63 1623
7498.82938 18.9153 0.0579 758.6388 223.5160 3.94 1670
7498.84739 18.7703 0.0554 143.8631 244.8989 4.12 1866
7498.87183 18.7723 0.0508 152.7164 224.5444 4.03 1689
7498.90524 18.7451 0.0523 28.2001 236.6118 3.86 1590
7498.91154 18.7957 0.0898 257.8298 381.5379 5.37 1441
7499.67453 18.7408 0.0787 8.3821 353.5930 3.68 2276
7499.70233 18.7264 0.0600 -58.9961 275.3008 3.35 1988
7499.70516 18.6588 0.0463 -388.0337 227.7594 3.08 1981
7499.72247 18.7380 0.0436 -4.6148 199.2532 3.67 1894
7499.74009 18.6766 0.0508 -299.7310 245.3305 3.25 1772
7499.74592 18.6833 0.0352 -266.4328 170.1285 3.37 1714
7499.76348 18.7200 0.0376 -89.1706 175.1459 3.10 1789
7499.78094 18.6963 0.0356 -203.2915 169.8229 3.13 1671
7499.80972 18.6686 0.0336 -338.9143 164.7301 2.58 1614
7499.82739 18.6875 0.0578 -246.1311 275.2477 2.89 1584
7499.84505 18.7557 0.0497 77.1828 223.1858 3.31 1588
7499.86577 18.7005 0.0634 -182.6629 297.4076 3.10 1619
7499.88643 18.7470 0.0714 37.1306 320.0464 2.94 1677
7499.92029 18.6868 0.0837 -249.2662 394.2726 3.05 1654
7500.67177 18.8289 0.0593 402.2897 247.6541 4.02 2603
7500.68936 18.6826 0.0469 -269.9144 225.2512 4.06 2328
7500.70705 18.7232 0.0520 -74.0871 240.3958 3.86 2251
7500.74530 18.6678 0.0492 -343.2145 239.3877 3.31 2053
7500.81820 18.7056 0.0381 -158.1933 180.2282 2.77 1934
7500.83633 18.7879 0.0401 223.0173 175.3868 2.75 1952
7500.85539 18.7532 0.0472 65.6814 212.6198 2.99 1859
7500.87451 18.7563 0.0499 79.9542 223.8154 2.81 2217
7504.83420 18.8286 0.0659 400.9910 274.4188 4.50 2810
7508.67048 18.8907 0.0468 660.2901 185.9016 3.89 1376
7508.68804 18.8566 0.0605 519.5739 246.2179 3.89 1325
7508.70585 18.7831 0.0522 201.6342 228.0674 3.06 1352
7508.72335 18.8435 0.0518 464.4116 214.3189 3.56 1366
7508.74339 18.7798 0.0410 186.5531 180.7140 3.19 1362
7508.76080 18.7940 0.0484 249.8884 209.6425 3.30 1258
7508.78944 18.6968 0.0468 -200.7348 222.0479 3.09 1387
7508.80691 18.7330 0.0457 -28.2165 210.0574 3.36 1307
7508.83183 18.8104 0.0459 322.4249 196.0953 3.24 1272
7508.85251 18.8562 0.0706 518.0175 286.1989 3.23 1302
7508.86807 18.8007 0.0452 279.7794 194.9932 3.35 1406
7508.89634 18.7407 0.0385 7.8888 176.2744 3.15 1423
7508.91400 18.8167 0.0514 349.8247 217.9298 3.61 1484
7508.93107 18.8655 0.0602 556.7022 242.8761 3.55 2260
7509.64716 18.7399 0.0498 4.2548 226.7015 5.16 1302
7509.66476 18.8652 0.0527 555.6028 213.7020 5.03 1274
7509.66839 18.8773 0.0519 605.3508 208.1075 4.50 1260
7509.69849 18.7810 0.0412 191.9492 181.5704 3.64 1292
7509.72687 18.8364 0.0408 434.3426 170.8622 3.58 1303
7509.74867 18.8136 0.0419 336.3725 179.1360 3.70 1325
7509.76855 18.8310 0.0410 411.3921 172.4201 3.41 1308
7509.78611 18.8333 0.0463 421.2072 193.6694 3.79 1326
7509.80601 18.8222 0.0383 373.4216 162.3539 2.99 1339
7509.83598 18.8326 0.0916 418.1028 375.7790 3.29 1763
7509.87569 18.8013 0.1645 282.3654 672.0769 4.80 2102
7511.64623 18.7843 0.0477 207.0762 208.9007 4.43 1507
7511.70999 18.4784 0.0803 -1373.4059 458.7591 3.70 1139
7511.72760 18.7546 0.0541 72.1304 242.7248 3.18 1240
7511.74459 18.7452 0.0455 28.8967 206.4706 3.07 1172
7511.76208 18.7338 0.0365 -24.5060 168.3714 2.96 1225
7511.79071 18.7289 0.0481 -47.4893 221.4298 3.02 1359
7511.80865 18.6354 0.0417 -506.8449 209.7975 2.59 1282
7511.82882 18.7058 0.0354 -157.1726 167.3106 2.70 1357
7511.84815 18.7542 0.0558 70.1844 250.0516 3.04 1312
7511.86563 18.6780 0.0353 -292.4701 171.5097 2.76 1319
7511.89904 18.7333 0.0539 -26.4717 246.5140 3.30 1612
7511.92034 18.8056 0.0924 301.2061 388.3702 3.79 1622
7512.65654 18.5889 0.0771 -750.6344 398.5131 4.05 1298
7512.67328 18.5736 0.1345 -833.2205 687.0142 3.54 1199
7512.69441 18.7180 0.0918 -99.0123 418.4484 4.35 1295
7512.72361 18.7107 0.1228 -133.4925 555.5529 4.26 1271
7512.74349 18.6905 0.0632 -231.3170 299.4301 3.14 1421
7512.74510 18.8239 0.0604 380.9209 253.4076 2.94 1309
7512.77009 18.7507 0.0431 54.3090 195.1410 2.69 1238
7512.78704 18.6180 0.0707 -596.6242 356.7513 2.95 1289
7512.80814 18.7120 0.0932 -127.6562 426.9388 2.74 1277
7512.82607 18.7629 0.0833 110.1498 365.9113 2.69 1274
7512.85919 18.8596 0.0917 532.2012 366.8992 2.96 1298
7512.87776 18.8285 0.3059 400.6719 1144.7354 3.07 1279
7512.89509 18.8742 0.1209 592.8929 471.1067 3.08 1384
7512.91234 18.7488 0.0954 45.4998 422.0724 2.83 1385
7514.64738 18.7306 0.0683 -39.1083 311.0787 5.01 1381
7514.69795 18.6081 0.1883 -648.6922 909.2293 5.35 1141
7514.72398 18.8475 0.0547 481.4023 225.0674 4.37 1305
7514.77171 17.7970 0.1301 -6992.9362 1361.5747 6.06 1165
7514.89091 19.5647 0.9129 2696.4430 1345.7094 5.13 1225
7514.90822 18.5434 0.1229 -999.6952 648.9144 3.50 1249
7514.92458 18.8430 0.2088 462.5463 804.9416 4.56 1289
7515.82560 18.6284 0.1391 -542.7408 674.2184 3.85 1235
7515.84314 18.4904 0.1481 -1302.9748 811.4903 3.70 1246
7516.62716 18.7790 0.0537 183.0369 235.5890 4.52 1564
7516.66566 18.7021 0.0375 -175.0079 177.9277 3.70 1326
7516.68595 18.8081 0.0437 312.1371 187.4610 2.89 1244
7516.72528 19.9476 1.3243 3399.6388 1172.1017 3.72 1016
7516.74979 18.4619 0.2306 -1471.9989 1250.4258 3.99 1059
7517.67326 18.5770 0.1624 -814.7360 816.4818 4.88 1311
7517.69448 18.6612 0.3241 -376.2525 1403.5961 5.34 1152
7517.71247 18.8078 0.1042 310.7756 434.7062 3.96 1303
7517.74108 18.7599 0.0588 96.4354 261.8901 2.89 1344
7517.76082 18.8528 0.2040 503.9413 781.0616 3.56 1328
7517.77813 18.8977 0.0921 688.6300 355.8862 2.97 1417
7517.79536 18.9465 0.1689 880.7887 602.6615 3.19 1384
7517.81396 19.0504 0.3786 1262.4202 1118.7822 3.39 1193
7520.70081 18.6949 0.1305 -209.7616 596.9817 3.83 1456
7520.71771 18.8541 0.0839 509.4635 338.7616 3.46 1570
7520.73528 18.7143 0.0827 -116.6255 379.8834 3.81 1589
7520.75268 18.6125 0.1276 -625.8151 630.9858 3.91 1526
7520.75982 18.6507 0.0679 -429.1625 333.0238 3.89 1587
7520.77665 18.8084 0.0654 313.5024 277.7863 3.40 1539
7520.81282 18.6694 0.1088 -335.2072 514.8944 3.71 1565
7520.84537 18.6202 0.1746 -585.5245 839.1232 4.09 1710
7520.86729 18.8535 0.0587 506.6914 239.6248 3.91 1763
7520.88972 18.7542 0.0670 70.2272 298.9236 4.36 1804
7520.90827 18.6972 0.0634 -198.8665 298.3535 4.67 1775
7520.93736 18.9920 0.0683 1052.3442 244.5495 4.47 2043
7522.61670 18.1499 0.3302 -3647.7969 2284.1013 5.91 2758
7522.65525 18.5782 0.0900 -808.2429 467.0454 5.08 1953
7522.67292 18.4504 0.1023 -1541.8014 594.0867 4.35 1915
7522.69365 18.7590 0.0416 92.2392 186.7021 2.98 1419
7522.71119 18.6817 0.0417 -274.4300 201.2692 3.73 1387
7522.74665 18.7534 0.0491 66.7412 220.7319 4.27 1402
7522.76410 18.8554 0.0612 514.5557 249.2076 3.46 1468
7522.78146 18.7497 0.0514 49.7959 231.6182 3.58 1477
7522.79976 18.7298 0.0417 -42.8773 192.3368 3.39 1529
7522.82297 18.7512 0.0376 56.7284 170.4118 3.02 1521
7522.85216 18.6309 0.1141 -530.0076 557.9561 3.75 1492
7523.65610 18.8074 0.0666 309.3000 282.7599 6.11 1414
7523.67363 18.6876 0.0515 -245.3203 245.7031 5.07 1394
7523.69482 19.1986 0.4058 1747.4428 1033.9572 5.81 1941
7523.72292 18.7589 0.0629 91.7553 279.6366 3.96 1447
7523.74100 18.8884 0.0636 651.0616 250.8806 4.07 1332
7523.75868 18.7232 0.0712 -74.4464 325.9165 3.79 1254
7523.77591 18.8624 0.0441 543.7276 179.7618 3.74 1224
7523.79888 18.9007 0.0528 700.7319 207.1737 4.31 1372
7523.83350 18.7605 0.0473 99.4454 211.4615 4.04 1413
7523.85078 18.7319 0.0399 -33.3064 184.0375 3.33 1529
7523.87045 18.7342 0.0424 -22.5149 194.6597 3.42 1394
7523.87376 18.6143 0.0383 -616.0122 196.7226 3.98 1435
7523.89454 18.8241 0.0502 381.5191 211.3371 3.61 1451
7523.91050 18.8629 0.0550 546.0132 222.9669 4.30 1454
7523.92773 18.7732 0.0561 157.2182 247.0528 3.99 1487
7524.90308 18.7816 0.0548 194.7457 239.5946 3.91 1546
7526.61570 18.8406 0.0651 452.3983 268.2076 4.93 2173
7526.65046 18.7116 0.0543 -129.2396 253.0614 4.18 2225
7526.72017 18.7109 0.0618 -132.6809 287.4675 3.79 2600
7526.73864 18.7934 0.0550 247.2714 238.0477 4.11 1992
7526.83350 18.6468 0.1192 -448.7406 573.0673 4.82 2261
7526.86528 18.4026 0.2019 -1838.7739 1171.0459 3.75 1420
7526.89219 18.9054 0.0544 719.5491 212.2481 3.92 1696
7526.91129 18.7059 0.1910 -156.7477 842.1694 4.78 1678
7528.84756 18.8004 0.0573 278.1819 245.9883 4.11 2444
7528.90847 18.7779 0.0551 178.0471 241.6246 3.87 2196
7528.92675 18.6826 0.0429 -270.1714 206.6656 3.18 2058
7529.64277 18.8277 0.0788 397.3283 326.5678 5.73 2901
7529.67111 18.9968 0.0834 1070.0050 295.3862 4.92 2671
7529.69111 18.7382 0.0894 -3.6590 400.4539 6.31 2919
7529.73104 18.5862 0.0618 -765.0339 322.6914 5.67 2612
7529.75009 18.9183 0.0806 770.7633 307.1868 5.73 2596
7530.66578 18.8592 0.0680 530.4648 274.9914 4.53 2998
7530.68370 18.8565 0.0791 519.3251 319.3756 5.73 2828
7530.71093 18.7942 0.0604 251.1814 260.3684 4.14 2655
7530.73119 18.8653 0.0649 555.8054 261.4180 4.36 2583
7530.75030 18.7608 0.0521 100.6635 232.3027 3.61 2434
7530.77084 18.6984 0.0512 -192.8856 242.0045 3.83 2557
7534.65910 18.7385 0.0449 -2.5183 205.0489 3.99 1864
7534.67641 18.7148 0.0422 -114.1264 197.1301 3.54 1710
7534.69372 18.7311 0.0414 -36.8041 190.8814 3.39 1787
7534.71232 18.7946 0.0450 252.7421 195.4684 3.30 1890
7534.73090 18.6925 0.0446 -221.4432 212.7892 3.13 1815
7534.76106 18.7586 0.0612 90.4812 272.5483 3.09 1760
7534.78609 18.6740 0.0476 -312.4595 230.5600 3.06 1860
7534.80404 18.7647 0.0428 118.4746 191.2031 3.28 1642
7534.82614 18.8418 0.0563 457.3044 232.8674 3.15 1736
7534.84347 18.7681 0.0626 134.1070 276.1991 3.28 1699
7534.86203 18.8096 0.0422 318.7743 180.6864 3.37 1865
7534.90923 18.8074 0.0605 309.1460 257.7732 3.95 2684
7534.92697 18.7515 0.0582 57.8872 261.2300 3.57 2560
7536.58529 18.7927 0.0891 244.5129 379.6593 4.89 1373
7536.60460 18.9369 0.2327 843.4375 814.1476 6.40 1204
7536.64078 18.8467 0.0444 478.1178 183.7125 3.83 1297
7536.66122 18.7593 0.0429 93.8860 192.3324 3.70 1298
7536.67864 18.7536 0.0359 67.8096 162.5791 3.03 1248
7536.70153 18.8037 0.0349 292.9605 150.7163 3.00 1189
7536.71947 18.6841 0.3185 -262.7132 1354.0925 5.49 2883
7536.74268 18.8909 0.1890 661.2080 703.2950 4.75 2830
7536.77078 18.7562 0.0370 79.5861 166.8232 3.39 1272
7536.78884 18.6507 0.0483 -429.0521 238.7239 2.90 1309
7536.80629 18.6970 0.0557 -199.8560 263.3450 3.10 1232
7536.82352 18.7566 0.0363 81.4955 163.7730 2.90 1313
7536.84063 18.6871 0.0407 -247.9259 195.4835 3.12 1418
7536.86951 18.8285 0.0463 400.4316 194.7247 3.62 1373
7536.88972 18.8770 0.0563 604.4900 225.2498 3.73 1528
7536.90543 18.7427 0.0452 17.3724 205.6735 3.52 1622
7536.92338 18.8468 0.0659 478.3670 269.9436 3.60 1854
7545.71786 18.8163 0.0480 347.8911 203.7699 3.97 1198
7545.73031 18.6918 0.0455 -225.1060 217.0486 4.46 1262
7545.73204 18.7675 0.0514 131.3891 227.9100 4.20 1213
7545.73547 18.7856 0.0494 212.6391 215.7459 4.30 1221
7545.85940 18.7746 0.0530 163.1085 233.3668 4.65 1358
7545.91000 18.3689 0.2320 -2056.1696 1369.5524 5.29 255
7545.91150 18.6583 0.0513 -390.6944 251.7963 5.34 1588
7545.91486 18.5686 0.0513 -860.3235 273.1541 5.91 1637
7545.91793 18.7620 0.0572 106.0843 254.2347 4.96 1582
7546.75754 18.6934 0.0311 -217.3807 149.1601 2.83 1158
7546.79242 18.6654 0.0381 -355.2766 187.0242 2.71 1084
7546.81025 18.6004 0.0464 -689.3206 240.8969 2.75 1188
7546.83433 18.7388 0.0355 -0.8267 162.7891 3.12 1228
7546.85501 18.6504 0.0371 -430.4697 184.4204 3.41 1373
7546.87741 18.8450 0.0536 470.8132 221.2765 3.51 1621
7546.90931 18.8484 0.0605 485.0782 247.9122 4.75 1946
7547.57294 18.7372 0.0483 -8.4368 220.5931 4.78 1298
7547.59061 18.7162 0.0466 -107.6120 217.2627 5.21 1236
7547.60893 18.7691 0.0409 138.4076 182.2241 3.73 1186
7547.62926 18.6894 0.0361 -236.8857 173.0875 3.46 1128
7547.65972 18.7452 0.0396 28.6809 180.4929 3.58 1081
7547.67718 18.7381 0.0378 -4.3142 173.1715 3.62 1034
7547.69479 18.7271 0.0402 -55.7335 186.2202 4.00 1084
7547.71212 18.6865 0.0360 -250.7953 173.3002 3.55 1044
7547.73685 18.7211 0.0381 -83.9667 177.4748 3.70 1038
7547.76670 18.7879 0.0484 222.8432 211.0907 4.58 1030
7547.78577 18.6575 0.0464 -394.6982 228.4916 5.08 1144
7547.80357 18.7203 0.0449 -87.7981 208.8030 4.72 1091
7547.82103 18.5108 0.0428 -1184.1506 241.5285 5.92 1120
7547.83809 18.6512 0.0382 -426.6222 189.5547 3.92 1103
7547.85663 18.7716 0.0409 149.9439 181.6986 3.69 1154
7547.88515 18.7301 0.0445 -41.5397 204.8271 4.13 1228
7547.90192 18.9085 0.0587 731.6147 228.0064 4.48 1296
7547.92005 18.6572 0.0643 -396.4199 313.9084 4.27 810
7548.62689 18.7417 0.0344 12.7686 157.3683 3.25 1000
7548.64480 18.6183 0.0399 -595.3017 204.3361 3.69 1083
7548.66290 18.7407 0.0440 8.0764 200.6611 3.16 993
7548.69318 18.7298 0.0336 -42.8645 155.5632 3.22 1033
7548.71879 18.7614 0.0338 103.4395 152.1330 3.17 1009
7548.73837 18.7395 0.0371 2.1152 169.8887 3.23 1034
7548.75886 18.7679 0.0452 132.8860 201.1350 3.23 983
7548.77729 18.6650 0.0342 -357.3258 167.8856 3.20 1038
7548.80697 18.7736 0.0376 158.7605 166.8084 3.31 1068
7548.82437 18.7608 0.0390 100.6949 175.1564 3.67 1055
7548.84198 18.8189 0.0623 358.9943 262.3517 3.95 1040
7548.88122 18.5727 0.2785 -838.1361 1335.2165 5.73 745
7549.66515 18.6701 0.1477 -331.7252 686.2998 3.60 873
7549.69415 18.7218 0.0309 -80.8983 144.4949 3.11 948
7549.71432 18.6770 0.0424 -297.5672 205.2841 3.28 993
7549.73222 18.6873 0.0424 -246.9419 203.4085 3.08 958
7549.75084 18.7629 0.0352 110.0767 158.0557 3.32 1032
7549.76903 18.7861 0.0360 214.7163 158.1419 3.39 1055
7549.79893 18.7654 0.0387 121.5170 172.8730 3.49 1039
7549.81618 18.7753 0.0383 166.6942 169.5854 3.48 1135
7549.83367 18.7769 0.0404 173.4663 178.5690 3.46 1114
7549.85308 18.7364 0.0379 -12.0355 174.0368 3.15 1098
7549.87017 18.7946 0.0382 252.7784 166.3792 3.25 1146
7549.90122 18.8231 0.0510 377.4020 214.9825 4.45 1381
7549.91941 18.8440 0.0547 466.6955 225.6269 4.78 1421
7550.56543 18.8409 0.0587 453.7486 242.4581 5.44 1459
7550.58476 18.8732 0.0634 588.6749 253.6748 6.03 1406
7550.60199 18.5674 0.0480 -866.9190 256.2402 5.82 1375
7550.61952 18.7306 0.0442 -39.3696 203.7350 4.17 1287
7550.64778 18.7161 0.0457 -107.7024 213.2461 4.44 1264
7550.66495 18.8947 0.0549 676.4322 216.1292 4.71 1264
7550.68316 18.7293 0.0446 -45.5872 205.7459 4.11 1238
7550.70115 19.3048 1.8328 2056.3207 2450.7163 5.45 1033
7550.79045 18.7159 0.0450 -109.0473 210.0212 3.78 1702
7550.80862 18.6320 0.0426 -524.1728 214.9536 3.94 1634
7550.83753 18.8114 0.0540 326.4545 229.9959 4.17 1750
7550.85488 18.7601 0.0459 97.2351 205.7265 3.66 1848
7550.87378 18.7597 0.0660 95.5335 292.8688 4.24 1957
7550.89285 18.7906 0.0581 235.0184 251.3848 4.44 1987
7551.66672 18.7893 0.0808 229.2349 346.7312 3.78 1361
7551.69848 18.6849 0.0961 -258.5810 450.6765 3.66 1164
7551.71595 18.7074 0.0415 -149.7164 195.4159 2.84 1161
7551.72113 18.6671 0.0357 -346.6144 174.7618 2.85 1165
7551.73811 18.7954 0.0460 256.2605 199.2923 3.31 1141
7551.75512 19.0119 3.8963 1125.3137 3828.7742 3.97 925
7551.77302 18.8354 0.0475 430.2340 198.2040 3.38 1123
7551.80319 18.5104 0.0690 -1186.5295 384.7979 3.55 1264
7554.57024 18.8581 0.0732 525.8107 295.8732 4.73 1848
7554.58933 18.7322 0.0520 -31.8399 238.1908 4.73 1599
7554.60856 18.6839 0.0393 -263.5234 189.2108 3.76 1357
7554.62616 18.7588 0.0383 91.2783 172.2017 3.25 1365
7554.65407 18.6104 0.0358 -636.4499 184.7614 3.32 1445
7554.67271 18.7235 0.0750 -72.6541 342.5982 4.04 2302
7554.78427 18.7682 0.0467 134.4735 207.3809 3.61 1501
7554.80128 18.7609 0.0805 101.2999 354.7163 3.43 1201
7554.81928 18.5597 0.0567 -908.8532 303.6245 3.80 1201
7554.83910 18.6476 0.0415 -444.6743 206.7558 3.53 1186
7554.87755 19.0379 0.3492 1218.4839 1057.3201 5.16 1294
7555.53780 18.7697 0.0541 141.2879 239.3249 4.49 1861
7555.55592 18.6248 0.0425 -561.3020 215.9814 3.99 1716
7555.58197 18.7235 0.0426 -72.9631 197.5135 3.73 1633
7555.60168 18.7375 0.0444 -7.1045 203.1554 3.87 1539
7555.61914 18.6103 0.0405 -637.1980 208.8250 3.94 1533
7555.65061 18.6899 0.0505 -234.1534 240.6901 3.66 1438
7555.67082 18.6990 0.0381 -189.8550 181.1750 3.31 1577
7555.69246 18.6953 0.0408 -207.8846 194.3619 3.22 1437
7555.71182 18.6847 0.0394 -259.4553 189.6013 3.52 1406
7555.73127 18.7183 0.0408 -97.6547 190.1062 3.63 1396
7555.75948 18.6419 0.0529 -473.6769 263.2877 3.03 1465
7555.78041 18.7172 0.0447 -102.6621 208.1406 3.11 1354
7555.80565 18.6009 0.0341 -686.7603 177.8545 3.20 1439
7555.82308 18.6709 0.0399 -327.9754 194.4499 3.63 1477
7555.84019 18.7932 0.0465 246.7434 202.1183 3.75 1416
7555.86910 18.7604 0.0482 98.9249 215.5171 4.02 1353
7555.87716 18.7145 0.0443 -115.6560 206.8432 4.32 1411
7555.89167 18.7688 0.0461 136.8615 204.6824 3.98 1395
7557.52312 18.6411 0.0703 -477.5811 347.5425 4.47 2787
7557.54615 18.6689 0.0511 -337.4678 248.2151 4.28 2559
7557.56390 18.5616 0.0390 -898.6986 210.4650 3.64 2310
7557.59305 18.5929 0.0383 -729.1803 200.9201 3.53 2009
7557.61030 18.6419 0.0492 -473.5768 245.4197 4.28 2064
7557.62814 18.5994 0.0399 -694.5565 207.9861 3.46 1892
7557.64563 18.5164 0.0314 -1151.8717 177.3264 3.04 1846
7557.66422 18.6032 0.0362 -674.6201 188.3944 3.18 1843
7557.69304 18.6132 0.0421 -621.7528 216.1837 3.42 1872
7557.71387 18.6261 0.0426 -554.7971 216.0111 3.50 2284
7557.73260 18.5935 0.0557 -726.0280 289.3189 3.04 2269
7557.75033 18.5895 0.0398 -747.1688 208.9649 3.13 2334
7557.76780 18.5060 0.0438 -1211.8700 247.8891 3.53 2291
7557.79662 18.5888 0.0421 -751.3382 221.3857 3.59 2186
7557.81597 18.5909 0.0435 -740.1730 227.9767 3.64 2144
7557.83366 18.7146 0.0492 -115.1002 229.3958 3.74 2213
7557.85155 18.6983 0.0547 -193.3540 258.3813 4.41 2439
7557.87217 18.7509 0.0626 55.0701 280.6441 5.03 2529
7557.87359 18.5690 0.0556 -857.9316 295.5678 5.37 2567
7557.89263 18.6679 0.0662 -342.7763 319.6480 6.41 2555
7558.68638 18.4744 0.0635 -1397.0811 367.0244 3.28 2911
7561.60895 18.3683 0.0362 -2060.5538 233.4203 3.77 2574
7561.64892 18.5097 0.0461 -1190.6449 260.1105 4.21 2679
7561.67713 18.3520 0.0372 -2168.1459 243.8110 3.58 2739
7561.69691 18.3347 0.0312 -2284.0667 208.3142 3.17 2175
7561.71749 18.4745 0.0371 -1396.4073 216.9914 3.53 1998
7561.73482 18.4755 0.0382 -1390.5982 223.2952 3.75 2079
7561.75181 18.4447 0.0368 -1576.0746 221.0606 3.49 2172
7561.80047 18.3319 0.0386 -2302.9798 257.4398 4.21 2512
7562.52213 18.4369 0.0557 -1624.0293 334.4853 5.50 2140
7562.57180 18.4580 0.0474 -1495.4451 280.0151 4.59 2712
7562.57483 18.4183 0.0414 -1739.7580 254.7295 5.41 1912
7562.59086 18.5424 0.0606 -1005.0375 329.4033 5.00 2737
7566.55133 17.5552 0.0180 -10000.3775 248.1489 4.28 1524
7566.57509 17.5339 0.0166 -10299.5169 233.5393 3.79 1646
7566.59235 17.6072 0.0233 -9296.1127 304.6087 5.05 1400
7566.60971 17.5520 0.0187 -10045.4156 258.0483 4.53 1456
7566.63202 17.5177 0.0142 -10529.5003 202.8981 3.68 1140
7566.66094 17.5673 0.0199 -9834.0903 270.0770 4.51 1118
7566.68403 17.4852 0.0124 -11004.0020 183.1501 2.98 1008
7566.70285 17.4500 0.0276 -11532.3451 417.1883 3.05 1020
7566.72002 17.4787 0.0169 -11099.5984 250.0889 3.07 1313
7566.74320 17.4657 0.0157 -11294.9330 234.8755 3.34 1399
7566.76036 17.4764 0.0192 -11134.8745 284.4556 3.99 1432
7566.78248 17.5037 0.0157 -10731.9519 227.2755 3.71 1475
7566.81063 17.4494 0.0157 -11541.5665 239.0314 3.69 1610
7566.82852 17.4644 0.0171 -11314.4135 256.1246 4.35 1697
7566.84620 17.3843 0.0186 -12568.4564 299.8098 5.90 1904
7566.86047 17.4390 0.0174 -11702.1765 267.2505 4.42 2021
7567.53962 17.0649 0.0150 -18599.1818 325.1287 4.72 1753
7567.59081 17.0261 0.0103 -19459.3389 232.0607 3.75 1501
7567.61116 16.9487 0.0138 -21270.3007 333.0225 3.06 1511
7567.63307 16.9780 0.0176 -20569.8902 412.5708 3.17 1587
7567.65089 17.0094 0.0115 -19838.3835 262.6032 4.25 1604
7567.67054 16.9854 0.0136 -20395.9383 317.6745 3.33 1608
7567.70212 16.9425 0.0118 -21422.8063 287.1383 3.77 1593
7567.71937 16.9082 0.0202 -22273.2081 503.7099 3.18 1667
7567.73726 16.9250 0.0151 -21852.8503 372.0054 3.21 1498
7567.75689 16.8957 0.0096 -22589.1678 242.3406 3.67 1508
7567.77681 16.8676 0.0092 -23312.6374 238.5738 3.53 1479
7567.80496 16.8572 0.0093 -23586.2838 245.5635 3.77 1701
7567.82360 16.8751 0.0102 -23118.7641 263.6855 4.19 1754
7567.84815 16.8571 0.0107 -23589.7960 282.0884 4.45 1895
7567.85094 16.8528 0.0112 -23703.0372 294.7254 5.07 1896
7567.86741 16.8184 0.0103 -24628.4451 279.7455 4.44 2113
7568.50899 16.2491 0.0067 -45098.2884 308.4789 5.49 1569
7568.52719 16.1973 0.0063 -47550.7760 303.3164 5.14 1439
7568.54585 16.2072 0.0084 -47070.1820 401.0092 4.25 1364
7568.56287 16.1972 0.0062 -47553.0955 297.9782 4.75 1256
7568.59120 16.1537 0.0102 -49705.1631 512.2874 3.66 1190
7568.61144 16.1627 0.0057 -49253.0219 283.2406 4.20 1211
7568.62898 16.1608 0.0057 -49346.4046 286.0020 4.10 1174
7568.64616 16.1493 0.0055 -49927.3125 280.2748 4.37 1188
7568.66427 16.1365 0.0157 -50576.6023 800.0873 3.48 1100
7568.69632 16.1334 0.0055 -50738.3697 282.0449 4.64 1128
7568.71560 16.1267 0.0055 -51083.8652 284.0498 4.77 1193
7568.73337 16.1189 0.0055 -51489.2753 285.6655 4.70 1310
7568.75157 16.1071 0.0057 -52105.1288 300.8157 4.80 1261
7568.77266 16.0977 0.0052 -52602.1101 276.3534 4.37 1282
7568.80705 16.3825 0.0716 -39298.3284 2831.4514 5.66 1903
7568.80854 16.1204 0.0059 -51407.3829 304.0255 5.26 1403
7568.82647 16.1163 0.0059 -51621.2913 304.6266 5.21 1506
7568.84404 16.1222 0.0062 -51315.5109 323.0843 6.14 1514
7568.85876 16.1207 0.0063 -51396.7861 325.7774 6.26 1654
7569.52844 16.7103 0.0096 -27736.5231 287.8729 4.66 1496
7569.55076 16.7278 0.0107 -27213.9291 316.7118 4.22 1380
7569.57834 16.7294 0.0086 -27166.1917 255.4031 3.82 1327
7569.60790 16.7000 0.0231 -28050.4450 696.9567 3.24 1212
7569.62692 16.7701 0.0203 -25980.8687 575.6001 3.46 1274
7569.64469 16.7914 0.0143 -25375.6742 399.2708 3.41 1313
7569.66347 16.7703 0.0151 -25975.3701 428.6078 3.18 1308
7569.68198 16.8030 0.0101 -25052.5559 279.1992 4.02 1271
7569.71048 16.8597 0.0139 -23520.7844 364.7240 3.42 1316
7569.72822 16.8246 0.0094 -24460.1665 253.3208 3.56 1340
7569.74609 16.8729 0.0143 -23176.5523 369.9266 3.38 1343
7569.76390 16.9073 0.0111 -22293.8262 277.0193 3.97 1280
7569.78257 16.9127 0.0135 -22159.2868 335.6387 4.71 1423
7569.81122 16.8565 0.0286 -23605.4170 745.3455 4.70 1502
7569.83168 16.9019 0.0229 -22430.2246 573.1888 5.95 1761
7570.54135 17.2873 0.0207 -14215.8567 363.7120 4.59 1274
7570.56774 17.4231 0.1879 -11949.1395 2703.6741 4.78 920
7570.58997 17.3762 0.0426 -12700.2765 683.9037 4.50 1114
7570.63277 17.0250 0.2998 -19483.1992 5923.0653 5.34 810
7570.65208 17.2472 0.1660 -14941.0642 2836.8569 4.35 861
7570.69125 17.4222 0.0279 -11963.9248 432.4333 3.27 1143
7570.70854 17.4078 0.0320 -12191.1602 500.6181 3.28 1015
7570.72589 17.3579 0.0601 -13001.9176 972.6181 2.99 984
7570.75404 17.4539 0.0377 -11473.7086 564.7794 2.98 975
7570.77281 17.4210 0.3785 -11982.2102 5016.8997 4.39 757
7570.79390 17.4566 0.0627 -11432.3926 925.7239 3.57 1036
7570.81148 17.5291 0.0231 -10366.3215 325.4522 3.69 1184
7570.82683 17.3753 0.0926 -12714.2782 1453.2052 4.63 993
7570.84204 17.4736 0.0191 -11176.6620 282.6726 4.47 1254
7575.51029 18.3836 0.0420 -1960.5124 266.4098 6.01 1311
7575.55528 18.4802 0.0360 -1362.5980 209.2876 3.82 1114
7575.57269 18.4034 0.0323 -1833.7764 202.0049 3.65 1217
7575.59025 18.3437 0.0310 -2223.8586 205.1028 4.15 1158
7575.60788 18.4417 0.0349 -1594.6600 210.8756 3.82 815
7575.62551 18.4149 0.0469 -1760.8966 288.6031 3.25 495
7575.67231 18.4288 0.0286 -1674.0281 174.9526 3.45 970
7575.69797 18.3839 0.0267 -1958.9396 170.8291 2.94 995
7575.72100 18.4001 0.0252 -1854.6652 158.8964 3.03 1013
7575.74265 18.4485 0.0291 -1552.8655 174.9233 3.51 1076
7575.76184 18.4379 0.0274 -1618.0636 166.4528 3.16 1046
7575.79053 18.4540 0.0295 -1519.6162 176.4873 3.60 1122
7575.80866 18.4884 0.0372 -1314.3306 214.7490 4.34 1215
7575.83077 18.5162 0.0345 -1153.4467 194.2745 3.61 1209
7576.48361 18.4564 0.0641 -1505.4209 376.3556 5.78 1593
7576.50118 18.3035 0.0561 -2498.4962 380.5190 6.07 1447
7576.51925 18.4167 0.0627 -1749.7456 382.4452 5.19 1366
7576.55045 18.3415 0.0512 -2238.2021 336.1491 5.44 1259
7576.56836 18.3976 0.0353 -1870.4306 221.8371 4.64 1150
7576.58636 18.5326 0.0435 -1059.9297 240.5177 4.00 1162
7576.65963 18.4778 0.0355 -1377.0007 206.8748 3.34 1084
7576.67818 18.5334 0.0356 -1055.4352 197.2576 4.38 1123
7576.70778 18.5133 0.0327 -1170.0954 185.0852 4.01 1083
7576.72626 18.5675 0.0334 -866.1964 179.6639 3.64 1039
7576.74393 18.4937 0.0378 -1283.5089 217.4161 3.43 1090
7576.76161 18.5577 0.0391 -920.2581 211.7380 4.48 1079
7576.77937 18.5016 0.0316 -1237.3364 180.5526 3.74 1022
7576.80793 18.6893 0.0411 -237.1361 196.7555 4.23 1183
7576.82227 18.5145 0.0382 -1162.7286 215.2742 4.84 1173
7584.49712 18.5740 0.0652 -831.1555 343.6444 6.23 1910
7584.53638 18.7635 0.0593 113.0451 263.0328 4.83 1783
7584.55404 18.6970 0.0615 -199.6753 289.9739 5.97 1765
7584.57203 18.7746 0.0557 163.0963 245.1869 4.98 1660
7584.59975 18.7503 0.0590 52.3893 265.2161 5.66 1633
7584.61951 18.7413 0.0510 10.8614 231.9872 4.56 1546
7584.64163 18.7575 0.0491 85.5573 219.8686 4.17 1557
7584.65959 18.6786 0.0410 -289.8584 198.2201 3.61 1583
7584.67757 18.7071 0.0470 -150.8713 221.0336 4.00 1599
7584.69502 18.6515 0.0423 -424.7289 209.7458 3.93 1535
7584.73241 18.6663 0.0455 -350.5947 222.1275 4.15 1558
7584.75004 18.7964 0.0585 260.5273 251.8050 5.10 1636
7584.77048 18.7349 0.0576 -19.2036 262.6170 5.93 1610
7584.78755 18.5420 0.0542 -1007.2641 295.6329 6.02 1710
7584.81253 18.8309 0.0680 410.7206 282.2698 5.52 1596
7585.47214 18.5760 0.0721 -820.2194 377.8805 6.24 2793
7585.50643 18.6546 0.0496 -409.3270 244.3986 3.84 2480
7585.52491 18.7070 0.0492 -151.2050 230.9197 3.79 2308
7585.54255 18.8145 0.0519 339.9469 220.5733 3.40 2251
7585.56035 18.7930 0.0499 245.6103 216.4057 3.42 2250
7585.57937 18.8138 0.0592 336.8775 250.6571 4.10 1953
7585.60846 18.7374 0.0472 -7.2678 215.4785 4.03 1801
7585.63151 18.8178 0.0505 354.5767 214.0802 3.30 1677
7585.65211 18.7669 0.0616 128.6402 272.3125 4.13 2209
7585.67016 18.8211 0.0674 368.8827 282.3669 4.93 2691
7585.68888 18.8160 0.0607 346.7087 256.3701 4.25 2413
7585.81198 18.6978 0.0631 -195.7239 296.7695 5.30 2690
7589.65407 18.8265 0.0609 392.0841 254.8333 4.39 2314
7589.77482 18.6567 0.0540 -398.5872 265.1750 3.82 2743
7589.78238 18.8028 0.0695 289.0467 296.1105 4.79 2815
7590.48155 18.6383 0.0433 -491.9331 217.2928 4.11 2250
7590.49953 18.8195 0.0643 361.8062 270.1346 3.98 2101
7590.52791 18.8264 0.0559 391.7452 234.3151 4.24 2033
7590.55820 18.7380 0.0579 -4.6333 263.0125 3.87 2040
7590.57602 18.7752 0.0597 165.8285 262.0249 4.53 2453
7590.59390 18.7816 0.0465 194.7831 204.2767 3.44 1833
7590.61393 18.7958 0.0472 257.9696 204.5730 3.65 1724
7590.63342 18.8406 0.0725 452.3699 297.9302 3.76 2376
7590.66233 18.8989 0.0560 693.3341 219.4945 3.92 1731
7590.67975 18.9062 0.0575 722.6504 224.0152 3.54 2177
7590.73719 18.7258 0.0558 -61.7864 256.8987 3.34 2981
7590.76620 18.7461 0.0620 32.7735 279.0972 4.71 2633
7591.48817 18.6564 0.0357 -400.1462 176.5233 3.67 1399
7591.50710 18.7592 0.0403 93.1379 180.9023 3.52 1460
7591.52617 18.6787 0.0428 -289.2893 207.0164 3.42 1479
7591.54358 18.7370 0.0465 -9.3480 212.5324 3.39 1602
7591.56112 18.8114 0.0416 326.6395 178.0457 3.44 1502
7591.59037 18.7956 0.0411 257.0682 178.4343 3.32 1523
7591.60818 18.7702 0.0574 143.3490 253.1638 3.55 2145
7591.62713 18.8215 0.0662 370.6462 277.7250 3.66 1459
7591.63599 18.8025 0.0547 287.6666 234.6672 4.43 1630
7591.67128 18.7874 0.0554 220.9507 240.9688 3.99 1570
7591.68880 18.7631 0.0456 111.2409 203.5326 3.76 1480
7591.73671 18.8509 0.0842 495.7601 340.9661 5.11 2994
7591.75453 18.8832 0.0781 629.5207 307.7928 5.38 2556
7591.79391 18.7128 0.0620 -123.6875 288.0110 5.46 2130
7593.49123 18.7066 0.0464 -153.3122 218.1635 3.80 1181
7593.50876 18.7822 0.0393 197.6076 172.7920 3.59 1122
7593.53744 18.7994 0.0580 273.9831 249.3023 3.72 1235
7593.55549 18.5976 0.0449 -704.3713 233.5478 4.36 1213
7593.57370 18.7464 0.0793 34.4550 354.0654 3.59 1095
7593.59212 18.8340 0.0428 424.3695 179.2912 3.04 1130
7593.61037 19.1812 0.1553 1693.6358 449.0126 5.02 1416
7593.64133 18.8030 0.0436 289.6950 187.9559 3.78 1185
7593.65899 18.8200 0.1043 364.0120 430.5698 5.20 2137
7593.67644 18.6354 0.0385 -506.7796 193.8251 2.95 1204
7593.69394 18.8597 0.0516 532.6179 210.3631 4.27 1113
7593.77727 18.6260 0.0698 -555.2517 349.8857 5.23 2226
7593.79197 18.9202 0.0598 778.2040 229.4640 4.17 1497
7595.56959 18.8173 0.0685 352.1905 288.0474 6.14 1285
7595.58948 18.7773 0.0558 175.2981 245.0271 5.57 1243
7595.61227 18.8776 0.0544 606.8765 217.6021 4.86 1199
7595.63195 18.9040 0.0581 713.7305 226.5157 5.44 1192
7595.65042 18.6997 0.0485 -186.4892 229.2210 5.05 1248
7595.67905 19.0023 0.0610 1090.4087 216.9518 4.95 1199
7595.69709 18.8832 0.0592 629.6427 235.0957 4.54 1179
7595.71509 18.7415 0.0444 11.6758 202.2400 4.31 1151
7595.73480 18.9864 0.0706 1031.6421 253.7949 5.79 1284
7595.75205 18.7909 0.0626 236.5433 270.4796 6.14 1242
7595.78255 18.6804 0.0719 -280.6031 342.2586 6.40 1488
7595.78829 18.7027 0.0594 -171.9213 278.8715 5.90 1527
7596.49883 18.8412 0.0530 454.6274 219.7208 3.83 1249
7596.51693 18.6972 0.0586 -198.4950 276.4774 4.14 1320
7596.53459 18.9042 0.0745 714.4468 288.2976 4.19 1301
7596.55215 18.7492 0.0908 47.5688 402.2174 3.90 1268
7597.49680 18.6393 0.1091 -486.7978 530.4984 3.71 1423
7597.52335 18.7354 0.0398 -16.9663 182.8145 3.35 1328
7597.54085 18.6919 0.0583 -224.4788 276.2643 3.53 1272
7597.55890 18.6690 0.0444 -337.1676 216.5014 3.23 1258
7597.57687 18.8124 0.0647 330.7638 273.8096 3.08 1189
7597.60729 18.7702 0.0710 143.4776 311.5789 3.58 1265
7597.62468 18.7006 0.0547 -182.4608 257.7209 3.08 1187
7597.64191 18.8517 0.0538 499.3408 220.7606 2.74 1121
7597.66257 18.8597 0.0624 532.4797 253.0663 3.08 1074
7597.68125 18.7758 0.0532 168.7446 234.0137 3.26 1050
7597.69935 18.6964 0.0587 -202.6953 276.9855 3.09 997
7597.72777 18.9390 0.0743 851.7201 278.6531 3.82 1095
7597.74714 18.8012 0.0524 281.7622 225.2799 4.22 1275
7597.76503 18.8907 0.0575 660.3193 227.1244 3.91 1242
7597.78230 18.5688 0.0693 -859.3242 366.3794 4.66 1362
7598.49779 18.7736 0.0754 158.6429 329.1474 3.53 1424
7598.51483 18.6333 0.0610 -517.6571 304.7923 3.55 1380
7598.53256 18.6884 0.0724 -241.4046 342.1856 2.80 1348
7598.56310 18.7942 0.0771 250.9315 329.6555 2.70 1180
7598.58408 18.8936 0.0782 671.8785 305.2817 2.98 1159
7598.60307 18.7431 0.0411 18.9066 187.2916 3.24 1102
7598.62119 18.7104 0.0495 -135.1651 231.5886 3.63 1093
7598.64031 18.7579 0.0846 87.1673 373.0077 2.99 1152
7598.67196 18.8305 0.0938 409.0290 385.0203 3.25 1124
7598.68942 18.8107 0.0634 323.4118 268.6580 3.10 1099
7598.70776 18.7112 0.0608 -131.2231 282.7412 3.81 1133
7598.72558 18.6589 0.1094 -387.7546 522.3646 3.61 1056
7598.74997 18.4755 0.0860 -1390.6692 491.5218 5.77 1205
7598.77973 18.5830 0.0699 -782.5024 364.3441 5.07 1257
7599.49929 18.7604 0.0393 98.6996 176.6474 3.66 1364
7599.51805 18.7481 0.0433 42.3425 196.1587 3.00 1266
7599.53671 18.6566 0.0361 -399.3835 178.8669 3.17 1184
7599.55393 18.7131 0.0468 -122.1009 218.6442 2.85 1118
7599.57129 18.7736 0.0518 158.6609 228.6485 2.67 1198
7599.59161 18.6162 0.0553 -606.1544 281.5306 2.45 1075
7599.64220 18.6868 0.0413 -249.2382 198.4456 3.08 1064
7599.65970 18.6940 0.0320 -214.3100 153.3863 2.72 1092
7599.68042 18.7994 0.0369 273.9530 160.1183 3.40 1025
7599.69850 18.7555 0.0376 76.4521 169.6225 3.23 1129
7599.72857 18.7585 0.0431 89.9868 193.6294 3.71 1150
7599.74761 18.8419 0.0426 457.9328 177.2923 3.93 1069
7599.76842 18.7503 0.0470 52.5474 212.3943 4.05 1151
7599.78276 18.8042 0.0448 295.2553 192.8752 3.91 1248
7600.48556 18.6809 0.0418 -278.1403 201.6937 3.16 1333
7600.50476 18.7069 0.0314 -152.0191 148.7458 3.09 1245
7600.52261 18.7108 0.0294 -133.4283 138.9949 2.67 1209
7600.54058 18.6863 0.0309 -251.8496 149.2930 2.47 1158
7600.57133 18.6524 0.0402 -420.5207 199.4816 2.92 1183
7600.59425 18.7551 0.0463 74.5002 208.3191 2.80 1192
7600.61321 18.6804 0.0459 -280.7100 221.2956 2.92 1227
7600.61796 18.7225 0.0618 -77.5358 284.3170 2.61 1260
7600.63742 18.7907 0.0549 235.3059 238.2005 2.92 1253
7600.65507 18.8109 0.1021 324.2161 425.1893 2.89 1211
7600.68688 18.7149 0.0570 -113.5058 264.9550 2.70 1103
7600.72001 18.8894 0.0818 654.7798 319.8592 2.74 1251
7600.72510 18.7313 0.0896 -36.1733 404.0743 3.06 1265
7600.74308 18.6188 0.0927 -592.7474 463.0119 3.40 1268
7600.76260 18.7332 0.1546 -27.0052 675.3539 3.85 1237
7600.77785 19.1137 0.5667 1477.8150 1457.9160 5.03 1120
7601.50632 18.6463 0.0666 -451.4183 328.0479 3.43 1340
7601.52416 18.7265 0.0395 -58.7797 183.1516 2.94 1230
7601.54173 18.6792 0.0816 -286.8768 387.3605 3.09 1311
7601.57079 18.7720 0.1160 151.7609 497.4836 3.52 1252
7601.57987 18.6958 0.0516 -205.6566 244.3714 3.11 1217
7601.59787 18.7958 0.1501 258.0710 620.5478 3.63 1083
7601.61535 18.7764 0.1165 171.3147 497.8671 3.36 1173
7601.63442 18.7251 0.0337 -65.0138 156.9301 2.86 1125
7601.65195 18.4056 0.5008 -1819.5266 2543.0132 4.28 815
7601.68082 18.7227 0.1267 -76.5478 566.1422 3.82 1000
7601.69852 18.7968 0.2004 262.4582 808.9945 3.95 949
7601.71607 18.9649 0.0487 951.0785 180.2985 3.77 1035
7601.73361 18.8664 0.1006 560.7222 398.2254 4.03 1104
7601.74541 18.8334 0.2382 421.6273 914.1825 4.45 981
7601.75992 18.8545 0.0762 510.9118 308.6080 4.12 1153
7602.49426 18.7174 0.0695 -101.9537 320.0946 5.51 1383
7602.52277 18.7509 0.0406 55.0298 183.7577 3.53 1272
7602.54033 18.6958 0.0411 -205.6132 195.8299 3.80 1360
7602.55814 18.7447 0.0426 26.6596 193.5792 2.76 1212
7602.57595 18.8989 0.0519 693.4297 203.8422 3.57 1106
7602.59898 18.7330 0.0413 -27.8716 190.0151 3.75 1185
7602.61710 18.9734 0.0565 982.9852 206.9158 4.26 1247
7602.64616 18.7637 0.0378 113.9552 169.1374 3.37 1169
7602.66356 18.7815 0.0385 194.5745 169.5772 3.44 1188
7602.67237 18.8315 0.0390 413.3644 163.8443 3.11 1172
7602.69030 18.7902 0.0444 233.1737 193.6852 3.40 1147
7602.70922 18.7518 0.0473 59.2100 213.4865 3.58 1183
7602.72599 18.8363 0.0422 434.0760 176.6452 3.28 1255
7602.74469 18.8631 0.0511 546.8366 207.5720 4.16 1319
7602.75912 18.7343 0.0532 -22.0117 243.2196 4.21 1354
7603.49660 18.8628 0.0470 545.6247 191.5720 3.93 1211
7603.51433 18.7148 0.0321 -114.1938 150.8776 3.03 1079
7603.53201 18.6775 0.0338 -295.2317 164.1039 3.02 1052
7603.54978 18.6805 0.0390 -280.0946 188.3731 2.98 1020
7603.56730 18.6766 0.0333 -299.7168 162.1490 2.75 1020
7603.59734 18.7881 0.0354 223.7040 155.1872 3.05 1047
7603.61496 18.8213 0.0399 369.7147 169.1790 3.13 1080
7603.63264 18.7504 0.0409 52.9322 185.1604 2.87 963
7603.65021 18.7629 0.0567 110.1635 252.2098 3.06 954
7603.66811 18.7806 0.0316 190.4395 139.9095 3.04 936
7603.69779 18.7020 0.0443 -175.3578 209.5780 2.99 882
7603.71535 18.9007 0.0433 700.4604 170.5075 3.65 1021
7603.73281 18.9159 0.0433 761.1851 168.0293 3.61 1035
7603.74164 18.8437 0.0414 465.6159 172.1356 3.65 1088
7603.75735 18.7990 0.0453 272.1308 195.9375 3.83 1049
7605.48558 18.7510 0.0357 55.7453 162.0930 3.29 1095
7605.50509 18.7195 0.0344 -91.6452 160.8942 2.98 1106
7605.52253 18.7422 0.0300 14.8881 137.6862 2.85 1020
7605.53993 18.7867 0.0340 217.4296 149.4135 3.14 1108
7605.55730 18.7925 0.0355 243.5398 154.8508 3.09 1068
7605.58965 18.7537 0.0362 68.0481 163.5954 3.02 1034
7605.60842 18.6566 0.0300 -399.3483 148.8522 2.76 1083
7605.62652 18.8268 0.0546 393.4985 229.0460 3.26 1118
7605.64420 18.8596 0.0534 532.1249 217.5424 3.15 1094
7605.66188 18.6889 0.0330 -239.2671 158.9347 3.23 1096
7605.67968 18.6985 0.0338 -192.1823 161.0703 2.88 1080
7605.70815 18.8302 0.0458 407.9207 192.4163 3.41 1120
7605.72566 18.7707 0.0452 145.6368 200.5553 3.44 1173
7605.73747 18.8405 0.0504 451.8867 208.9787 3.82 1284
7605.75192 18.7954 0.0475 256.2293 205.9291 3.73 1305
7606.47895 18.7816 0.0439 194.6383 192.9145 3.69 1484
7606.49638 18.7884 0.0409 225.0417 179.0588 3.40 1245
7606.51421 18.7817 0.0364 195.4115 160.6523 3.25 1146
7606.54403 18.7952 0.0438 255.2557 190.1228 3.88 1120
7606.56306 18.7376 0.0344 -6.5339 158.1049 3.05 1108
7606.58278 18.7508 0.0349 54.6469 158.5170 3.22 981
7606.60810 18.7768 0.0432 173.1999 190.6544 2.91 1045
7606.62933 18.7087 0.0447 -143.0546 209.8145 4.68 1110
7606.65823 18.7750 0.0396 165.1399 175.6045 3.80 1084
7606.67627 18.9557 0.0497 916.0056 185.5075 3.96 1034
7606.69375 18.7506 0.0482 53.9079 217.6711 4.60 1196
7606.71131 18.8134 0.0452 335.2486 192.7268 4.04 1112
7606.72884 18.9185 0.0652 771.3089 249.9879 4.62 1205
7606.74943 18.7356 0.0545 -15.9160 248.6648 5.37 1281
7606.76377 18.8074 0.0604 309.2826 257.1137 5.41 1353
7607.48930 18.7078 0.0400 -147.7696 188.6846 2.75 1150
7607.50870 18.7589 0.0340 91.8685 153.0453 2.87 1254
7607.52630 18.7792 0.0395 183.8535 174.3021 3.50 1231
7607.54397 18.7340 0.0401 -23.5496 184.2557 3.05 1153
7607.57008 18.7876 0.0394 221.6236 172.5440 3.08 1130
7607.58948 18.7641 0.0382 115.5816 171.1351 3.62 1052
7607.61844 18.7708 0.0382 146.2259 170.0081 3.35 1069
7607.63676 18.8274 0.0415 395.8856 174.8686 3.76 1044
7607.65540 18.8001 0.0403 276.8453 174.5522 3.92 983
7607.67321 18.9267 0.0594 803.7309 226.7818 4.98 1009
7607.69068 18.8116 0.0449 327.5892 191.7532 4.25 968
7607.71934 18.8528 0.0501 503.7396 205.4292 4.72 1014
7607.74441 18.7521 0.0535 60.5427 240.6996 5.69 1063
7608.47835 18.7343 0.0370 -22.0303 170.1929 3.52 1260
7608.49784 18.7694 0.0361 139.6113 161.0143 3.43 1146
7608.51592 18.7831 0.0382 201.5484 167.9997 3.67 1163
7608.53367 18.7784 0.0367 180.5080 162.4482 3.32 1106
7608.56738 18.8448 0.0402 469.9996 166.9043 3.23 1016
7608.58811 18.7889 0.0424 227.3776 185.2890 3.48 1017
7608.60792 18.7525 0.0345 62.7004 156.2981 3.34 1032
7608.62684 18.8546 0.0414 511.4005 170.4777 3.60 1117
7608.64488 18.8392 0.0424 446.5249 176.6922 3.73 1087
7608.67457 18.8389 0.0438 445.1778 182.6541 3.33 1008
7608.70644 18.8164 0.0416 348.1748 177.2211 3.86 1054
7608.72468 18.8473 0.0446 480.5178 184.3380 3.92 1193
7608.74378 18.8091 0.0493 316.5378 210.9042 4.40 1286
7608.75920 18.7572 0.0456 84.2755 204.9540 4.42 1298
7609.47942 18.7181 0.0363 -98.5315 169.5400 3.38 1362
7609.49759 18.6910 0.0379 -229.0349 181.7319 3.13 1231
7609.51892 18.7392 0.0320 0.8934 147.0123 2.79 1282
7609.55394 18.8096 0.0359 318.7716 154.4730 2.98 1247
7609.57952 18.7145 0.0359 -115.4434 168.2809 2.89 1088
7609.59731 18.7757 0.0351 168.1057 155.6049 2.95 1123
7609.61479 18.7501 0.0384 51.3017 174.0648 3.22 1140
7609.63783 18.8111 0.0468 325.4151 199.6665 3.06 1053
7609.66914 18.7689 0.0502 137.5912 222.4777 3.23 1066
7609.68667 18.8177 0.0411 354.0856 174.8540 3.45 1058
7609.70801 18.8477 0.0414 482.2855 171.5063 3.55 1020
7609.72497 18.8248 0.0499 384.8193 210.1036 3.99 1302
7609.73527 18.8381 0.0530 441.5641 220.2500 4.34 1323
7609.75037 18.9512 0.0515 898.7384 193.0688 3.83 1330
7610.48343 18.6850 0.1200 -257.9568 556.9156 4.36 2321
7610.51348 18.6391 0.0393 -488.1365 197.2298 2.98 1331
7610.53068 18.7455 0.0529 30.1470 239.3724 2.88 1239
7610.54874 18.8593 0.0416 530.9928 170.5174 3.26 1162
7610.57254 18.7362 0.0687 -13.2715 311.2167 2.73 1150
7610.59969 18.7639 0.0405 114.8715 181.1852 3.03 1164
7610.61887 18.8097 0.0422 319.2437 180.8348 3.63 1191
7610.65087 18.8188 0.0464 358.7786 196.6051 3.78 1286
7610.66847 18.7311 0.0460 -36.8319 211.4381 4.02 1322
7610.68630 18.7907 0.0478 235.5218 208.1103 4.03 1290
7610.70383 18.8290 0.0442 402.7842 185.9851 3.60 1215
7610.72169 18.6120 0.0569 -628.4169 290.3747 4.50 878
7610.74318 18.8362 0.0543 433.3818 225.7201 4.79 1439
7611.46934 18.7601 0.0536 97.2773 238.9781 3.71 2635
7611.49813 18.5522 0.0785 -950.7445 419.2109 4.63 2628
7611.59331 18.8784 0.0592 609.9117 236.3561 3.42 1893
7611.61209 18.7713 0.0450 148.3754 199.6995 3.85 1296
7611.63073 18.9555 0.0597 915.3488 221.8723 4.50 1307
7611.64832 18.8033 0.0494 291.3153 212.1489 4.34 1368
7611.68061 18.7299 0.0553 -42.4676 253.3196 4.56 1370
7611.69983 18.8342 0.0564 424.8552 234.7731 4.96 1397
7611.71871 18.8566 0.0623 519.9288 253.2870 5.59 1396
7611.72748 18.7848 0.0502 209.1481 219.3168 4.71 1406
7611.74248 18.8391 0.0591 445.8586 244.6251 5.81 1404
7612.48210 18.9187 0.0506 772.1029 195.4514 3.57 1619
7612.49992 18.7008 0.0588 -181.3871 276.5023 4.31 2729
7612.52815 18.7409 0.0421 9.0398 192.0536 3.55 1532
7612.54619 18.7787 0.0412 181.6833 181.6161 3.18 1414
7612.56589 18.8111 0.0473 325.2666 201.8041 3.56 1465
7612.58504 18.7975 0.0462 265.5644 200.0222 3.67 1468
7612.60435 18.9272 0.0555 805.5986 212.3222 3.96 1515
7612.62271 18.8406 0.0490 452.1551 203.2812 3.82 1557
7612.65168 18.9325 0.0553 826.5883 210.5381 4.09 1568
7612.66970 18.8256 0.0513 388.1402 215.7496 4.31 1513
7612.68700 18.9580 0.0572 924.9086 212.2448 4.40 1533
7612.70508 18.9474 0.0622 884.3405 232.5267 4.65 1574
7612.72332 18.8081 0.0560 312.2083 238.8749 4.79 1587
7612.73930 18.7432 0.0563 19.4526 254.6684 5.33 1507
7613.47291 18.6526 0.0481 -419.3117 237.5940 3.65 2830
7613.50147 18.7809 0.0481 191.6231 211.2793 3.44 2191
7613.52265 18.7596 0.0644 94.9972 286.0791 3.20 2266
7613.54445 18.6881 0.0470 -242.9695 224.9042 3.29 1774
7613.61229 18.7833 0.0538 202.5418 234.8984 3.53 2799
7613.63003 18.8677 0.0711 565.8389 285.2095 3.53 2680
7613.64777 18.9029 0.0704 709.2164 273.3596 4.76 2686
7613.66539 18.6480 0.0562 -442.8353 277.8136 4.76 2560
7613.68285 18.8431 0.0703 462.9901 288.2264 5.03 2650
7613.71152 18.8095 0.0748 318.2524 316.0267 4.31 2786
7613.72902 18.8721 0.0693 583.9449 277.0323 4.42 2862
7613.74400 18.7322 0.0659 -31.9597 299.8957 5.38 2959
7614.55076 18.7441 0.0529 23.7835 239.8441 3.69 2654
7615.63482 18.9642 0.0958 948.2427 347.5619 5.83 2964
7616.47622 18.6042 0.0676 -669.1763 345.7997 4.93 2928
7616.49376 18.8060 0.0717 302.9442 304.2658 4.70 2602
7616.51591 18.8463 0.0713 476.4083 291.6656 5.20 2661
7616.53383 18.7660 0.0544 124.4289 241.1370 3.84 2503
7616.56270 18.9398 0.0628 854.9509 236.4869 3.75 1941
7616.58023 18.8014 0.0447 282.8486 192.7579 3.05 1894
7616.60869 18.7420 0.0588 13.9783 266.2286 3.25 1890
7616.62642 18.6952 0.0487 -208.4889 231.4029 3.06 1930
7616.64375 18.8464 0.0499 476.7695 205.8423 3.21 2076
7616.67465 18.7396 0.0478 2.7746 217.9909 3.46 2126
7616.69215 18.7999 0.0573 276.0985 246.1168 3.87 2276
7616.70390 18.8994 0.0641 695.1539 250.5391 4.08 2363
7616.71886 18.8684 0.0658 569.0388 264.2688 3.98 2524
7617.48721 18.7421 0.0520 14.4029 235.8953 3.31 2030
7617.50496 18.8138 0.0679 336.9497 286.6935 3.07 1798
7617.52290 19.3888 0.3562 2280.1444 778.2610 3.32 1581
7617.55122 18.7067 0.0380 -153.0656 179.4740 3.04 1774
7617.56893 18.6956 0.0352 -206.4546 168.2567 2.68 1827
7617.58676 18.6892 0.0375 -237.7850 179.9904 3.02 1911
7617.60544 18.7277 0.0436 -53.0210 201.4822 2.80 1921
7617.62364 18.7320 0.0380 -32.7945 175.0366 2.91 1805
7617.65540 18.6962 0.0395 -203.7283 188.2507 3.12 2016
7617.68542 18.7580 0.0488 87.6702 218.7707 3.63 2066
7617.70321 18.9598 0.0610 931.5984 225.7599 3.77 2117
7617.71770 18.8216 0.0652 371.0360 273.2869 3.84 2212
7618.48308 18.7134 0.0405 -120.7110 189.9054 3.13 1964
7618.50082 18.6728 0.0345 -318.0932 168.3973 2.95 1898
7618.51874 18.6833 0.0485 -266.7285 232.9676 2.86 1851
7618.53717 18.6908 0.0367 -229.6936 175.8289 3.16 1891
7618.56695 18.7034 0.0422 -168.8828 199.5200 3.26 1861
7618.58470 18.6683 0.0479 -340.8851 233.2498 2.82 1876
7618.60228 18.7548 0.0397 73.1553 179.2446 3.00 1793
7618.61975 18.7107 0.0379 -133.6683 178.1362 3.00 1942
7618.63737 18.6606 0.0369 -378.9350 182.0459 2.92 1913
7618.66700 18.7941 0.0504 250.4161 218.1688 3.39 2214
7618.68459 18.9304 0.0674 818.2922 255.3637 3.76 2360
7618.69792 18.9523 0.0617 902.9183 229.7955 3.77 2440
7618.71267 18.7109 0.0602 -132.7531 280.2941 4.43 2627
7619.47389 18.8436 0.0576 465.0037 237.7084 3.76 2178
7619.47535 18.8156 0.0506 345.0782 214.6212 3.55 1992
7619.49316 18.7760 0.0450 169.4998 198.6360 3.65 1644
7619.51109 18.7483 0.0473 43.1262 213.9979 4.05 1625
7619.54555 18.7172 0.0487 -102.5121 226.3977 3.89 1504
7619.56371 18.7432 0.0591 19.5466 266.9929 5.88 1683
7619.63547 18.8728 0.0698 587.1386 278.5981 5.93 1755
7619.68415 18.6680 0.0583 -342.0208 282.6553 5.67 1846
7619.69467 18.9050 0.0752 717.7687 290.7662 5.96 1889
7620.49237 18.6398 0.0568 -484.5634 282.7634 6.31 1334
7620.55813 18.9995 0.0666 1080.0116 237.0629 4.81 1419
7620.59486 18.6814 0.0622 -276.0168 297.1645 6.02 1432
7620.61329 18.8455 0.0583 473.2307 239.8589 5.44 1354
7621.47529 18.7602 0.0466 97.9778 208.3930 4.03 1735
7621.49345 18.7676 0.0541 131.7223 239.7741 3.85 1254
7621.52185 18.8229 0.0442 376.5078 186.9376 3.78 1147
7621.54201 18.6469 0.0783 -448.2681 383.5916 3.74 1252
7621.56005 19.0210 0.0698 1157.9479 243.0187 4.45 1351
7621.57852 18.8054 0.0514 300.1941 220.0954 4.29 1306
7621.59730 18.8331 0.0604 420.4561 251.1905 4.79 1555
7621.61529 18.7968 0.0506 262.2931 218.6156 3.87 1562
7621.64645 18.8686 0.0476 569.6078 192.8724 3.83 1275
7621.66471 18.8352 0.0574 429.2050 238.5641 4.58 1285
7621.68348 18.8364 0.0547 434.5580 227.5740 4.76 1414
7621.68953 18.9609 0.0666 935.7995 245.6217 5.43 1546
7621.70411 18.8481 0.0620 484.0121 254.2055 5.39 1647
7622.49054 18.6737 0.0516 -313.6608 249.4580 3.18 1229
7622.50939 18.5994 0.0476 -694.8769 246.7753 2.97 1149
7622.54462 18.7345 0.0442 -21.0967 202.8937 3.73 1159
7622.56247 18.7906 0.0433 235.1200 188.8519 3.89 1236
7622.58034 18.7378 0.0549 -5.6258 250.0566 5.16 1291
7622.59808 18.7656 0.0496 122.6426 220.6906 4.78 1333
7622.61565 18.9160 0.0708 761.6274 271.6543 4.68 1389
7622.64409 19.0656 0.0759 1315.4102 253.1391 5.48 1398
7622.66161 18.7267 0.0546 -57.7640 251.1312 5.10 1411
7622.68066 18.8986 0.0657 691.9631 256.4736 4.94 1305
7622.68504 18.7584 0.0505 89.6661 226.1602 5.10 1377
7623.48435 18.7214 0.0426 -82.5094 197.8024 3.35 1319
7623.50420 18.6713 0.0391 -325.6608 190.5316 2.82 1253
7623.50580 18.6533 0.0467 -415.9859 230.4325 2.75 1186
7623.53590 18.8495 0.0474 489.9493 195.2913 3.83 1179
7623.55395 18.9238 0.0499 792.2829 191.8746 3.93 1168
7623.57205 18.9031 0.0481 710.2075 188.7578 4.04 1169
7623.59059 18.8139 0.0431 337.4169 183.8389 3.99 1080
7623.60818 18.8407 0.0417 452.7821 173.7069 3.81 1004
7623.62623 18.8113 0.0422 326.1006 180.5697 3.87 1112
7623.65485 18.7549 0.0503 73.6359 225.8866 5.22 1188
7623.67283 18.8591 0.0541 529.9807 220.5273 5.28 1277
7623.68312 18.8146 0.0593 340.4742 250.8448 5.15 1308
7623.69907 18.8107 0.0600 323.3952 254.8212 5.85 1488
7624.48276 18.8265 0.0747 391.9828 310.7293 4.57 1405
7624.50364 18.8438 0.0471 465.9830 195.1181 3.62 1229
7624.52208 18.9296 0.0528 815.3282 201.5111 4.36 1213
7624.55626 19.2838 0.7666 1997.4783 1552.3244 5.26 852
7624.57593 18.8199 0.0567 363.6310 238.9300 3.98 1166
7624.59409 18.8138 0.0528 337.1246 224.1688 4.09 1121
7624.61189 18.7764 0.0469 171.3234 206.6182 3.38 1146
7624.62984 18.7662 0.0428 125.0836 190.9951 4.29 1157
7624.65949 18.7915 0.0407 238.9205 177.4522 3.97 1045
7624.68002 18.9408 0.0812 858.8124 302.9469 5.25 1247
7624.68300 18.8212 0.0593 369.2877 249.4419 5.12 1246
7624.69795 18.6328 0.0622 -520.3065 310.7462 5.92 1391
7625.48269 18.7661 0.0457 124.5955 203.3667 3.49 1385
7625.50270 18.6826 0.0333 -269.7071 161.1329 3.07 1146
7625.52311 18.8211 0.0427 368.5390 181.0084 3.11 1197
7625.55608 18.8425 0.0513 460.5497 212.4382 3.92 1328
7625.57478 18.8443 0.0524 468.1628 216.4365 3.78 1293
7625.59310 18.7311 0.0431 -36.9542 198.6017 4.18 1284
7625.61126 18.8223 0.0426 374.0135 180.4697 3.75 1288
7625.62953 18.8622 0.0498 542.9580 202.5093 4.07 1247
7625.64763 18.6916 0.0410 -225.7905 196.2168 3.89 1203
7625.67627 18.7998 0.0439 275.7275 189.6570 4.25 1143
7625.67938 18.9204 0.0621 779.1948 238.2444 4.65 1120
7625.69399 18.7578 0.0449 86.8651 201.6354 4.70 1144
7626.48375 18.7832 0.0387 201.7607 170.2795 2.93 1346
7626.50147 18.6696 0.0381 -334.1107 186.2400 2.94 1210
7626.52007 18.7553 0.0380 75.2989 171.6761 2.73 1168
7626.53823 18.7151 0.0352 -112.4518 165.0655 2.96 1134
7626.56770 18.7332 0.0333 -27.0987 153.5958 2.64 1153
7626.58544 18.7136 0.0336 -120.0419 157.7507 3.04 1149
7626.61214 18.8350 0.0427 428.5967 178.6652 3.63 1214
7626.63270 18.7948 0.0407 253.4115 176.9668 3.52 1144
7626.65085 18.8270 0.0455 394.3587 191.4084 3.53 1199
7626.67511 18.8319 0.0430 415.3143 180.4865 3.76 1252
7626.69028 18.8023 0.0458 286.5674 197.4435 4.00 1184
7629.48928 18.7524 0.0592 62.2169 265.2823 5.81 1352
7629.50853 18.8510 0.0584 496.3360 239.1566 5.13 1300
7629.52855 18.8202 0.0543 364.8198 229.0734 4.97 1222
7629.54879 18.8418 0.0676 457.4740 278.1426 5.57 1181
7629.58827 18.7152 0.0469 -112.3329 218.9936 4.95 1139
7629.61704 18.7947 0.0576 252.9934 248.3477 4.63 1108
7629.63533 18.8939 0.0551 673.0001 217.0908 4.33 1146
7629.65594 18.7101 0.0444 -136.7358 208.2020 4.47 1122
7629.67492 18.8923 0.0532 666.6624 210.3973 4.59 1136
7629.69115 18.7631 0.0454 110.9887 202.7077 4.48 1141
7630.47993 18.7486 0.0385 44.6234 174.9972 3.12 1392
7630.49843 18.8159 0.0475 346.0798 202.0920 3.24 1240
7630.52738 18.7723 0.0346 152.8291 153.9548 2.90 1107
7630.56592 18.7603 0.0432 98.2157 193.4940 3.57 1084
7630.58903 18.7588 0.0294 91.5876 132.9830 2.69 1073
7630.60708 18.7702 0.0371 143.6164 165.2580 3.29 1081
7630.63797 18.8491 0.0396 488.3407 163.9599 3.31 1004
7630.65612 18.7502 0.0376 51.9653 170.5729 3.20 1021
7630.67242 18.7286 0.0373 -48.7386 172.8402 3.27 1015
7630.68689 18.9470 0.0467 882.5584 175.9193 3.58 1070
7631.48684 18.7157 0.0352 -109.6854 164.9935 2.95 1336
7631.50927 18.7094 0.0346 -139.9090 163.0041 2.96 1282
7631.52720 18.7637 0.0409 113.7419 183.0804 2.87 1186
7631.56250 18.8358 0.0483 431.7425 201.4571 3.71 1196
7631.58036 18.7892 0.0537 228.5489 233.2855 5.14 1211
7631.59831 18.7872 0.0540 219.7723 234.9749 5.49 1221
7631.61559 18.7556 0.0516 76.6007 231.3115 5.82 1142
7631.63512 18.8499 0.0551 491.6074 226.2125 5.05 1161
7631.65655 18.8646 0.0530 552.9845 214.6996 4.86 1133
7631.68760 18.7040 0.0529 -165.8989 248.4861 5.72 1179
7632.57243 18.6585 0.0344 -389.6301 169.9910 2.57 1083
7632.59015 18.7413 0.0425 10.6944 194.0492 2.84 1051
7632.60758 18.7422 0.0348 14.6855 159.3648 3.12 1166
7632.62718 18.7462 0.0397 33.5107 180.5586 3.13 1204
7632.64537 18.8758 0.0517 599.3781 207.5764 3.65 1153
7632.68075 18.7852 0.0472 211.0910 206.2724 3.54 1063
7633.47507 18.8156 0.0646 344.7031 272.6874 4.08 2641
7633.49345 18.8198 0.0432 363.1157 183.2694 3.51 1370
7633.51462 18.8254 0.0506 387.1950 212.8830 4.44 1239
7633.53535 18.9311 0.0646 821.0191 245.1676 5.65 1251
7633.55309 18.7469 0.0414 36.6379 188.1326 3.87 1206
7633.58165 18.8669 0.0519 562.6163 210.0251 4.53 1213
7633.59942 18.8537 0.0457 507.7772 187.6025 3.84 1164
7633.61773 18.7997 0.0565 275.2935 242.9241 5.61 1313
7633.63735 18.7580 0.0504 88.0520 225.8031 5.34 1264
7633.65731 18.8319 0.0550 415.3315 229.5007 5.08 1306
7635.51648 18.8848 0.0741 636.0422 291.9106 6.01 1376
7635.53423 18.7647 0.0687 118.5174 303.2889 5.58 1316
7635.55239 18.7288 0.0508 -47.5586 233.4022 5.48 1186
7635.57348 18.8274 0.0557 396.0706 233.3691 5.17 1266
7635.59119 18.6497 0.0532 -434.0159 262.6617 6.18 1260
7635.62280 18.8486 0.0513 486.0568 211.0999 4.42 1235
7635.64038 18.8389 0.0535 444.9832 222.2067 4.91 1266
7635.67939 18.7413 0.0614 10.7491 277.8305 5.93 1274
7636.47702 18.8546 0.0736 511.1758 298.3655 5.62 2053
7636.49772 18.8350 0.0583 428.3554 242.2297 4.38 1307
7636.51653 18.8307 0.0568 409.9555 237.0794 4.63 1324
7636.54610 18.7403 0.0534 6.1770 242.8136 4.28 1256
7636.56371 18.6708 0.0413 -328.1374 201.2115 4.46 1199
7636.59062 18.7159 0.0545 -108.6699 253.3853 5.27 1204
7636.60974 18.6958 0.0512 -205.4559 242.4464 5.36 1170
7636.62759 18.8025 0.0573 287.6508 245.4030 5.17 1258
7636.65731 18.6673 0.0599 -345.6338 290.3288 5.54 1257
7636.66015 18.7916 0.0513 239.6262 222.7826 5.12 1234
7636.67452 18.8112 0.0503 325.5464 214.6148 4.74 1247
7637.47602 18.8190 0.0535 359.4713 226.0281 3.70 2217
7637.49529 18.8574 0.0506 523.2809 206.8639 3.62 1240
7637.51300 18.7095 0.0468 -139.6528 219.3705 3.09 1091
7637.53068 18.8274 0.0394 396.0069 166.1712 3.44 1131
7637.54843 18.8729 0.0451 587.6123 182.0449 3.93 1119
7637.57887 18.9265 0.0446 802.9473 171.4376 3.49 1058
7637.59623 18.7995 0.0420 274.5805 181.8249 3.72 1120
7637.61386 18.8786 0.0495 611.0512 198.2152 4.55 1190
7637.63150 18.8213 0.0573 369.7143 241.4572 5.53 1255
7637.66715 18.7422 0.0582 15.0333 263.3690 6.09 1392
7638.48276 18.7427 0.0685 17.2760 308.5754 3.12 2034
7638.50124 18.7620 0.0394 106.0886 176.5708 2.60 1530
7638.52023 18.8044 0.0790 295.9039 334.4455 2.73 1581
7638.56288 18.8212 0.0443 369.3462 187.6803 3.44 1400
7638.58493 18.8457 0.0535 473.9419 220.8309 3.19 1408
7638.60937 18.7512 0.0410 56.5361 185.6357 3.08 1337
7638.62821 18.8063 0.0454 304.2923 194.9004 3.43 1224
7638.64575 18.8553 0.0516 514.2291 211.0229 4.55 1249
7639.47998 18.7700 0.0482 142.5097 213.8013 2.73 1973
7639.49886 18.8024 0.0552 287.3636 236.6995 2.98 1450
7639.51665 18.7082 0.0563 -145.9170 262.9978 2.88 1705
7639.53455 18.7775 0.0392 176.4197 173.0907 2.75 1360
7639.55232 18.9246 0.0471 795.7361 181.1979 3.49 1260
7639.58075 18.8218 0.0488 371.6213 206.2238 3.43 1379
7639.59852 18.8103 0.0591 321.6750 251.1247 3.78 1326
7639.61612 18.8774 0.0503 605.7730 201.6409 3.46 1238
7639.63347 18.9338 0.0512 831.3528 194.7528 3.98 1246
7639.63811 18.8733 0.0483 589.0380 194.6695 3.95 1274
7639.65296 18.8853 0.0544 638.3619 216.1263 4.75 1235
7640.47845 18.7428 0.0501 17.9064 227.3471 2.94 2621
7640.49710 18.6675 0.0445 -344.7775 217.1176 2.95 1509
7640.52573 18.7926 0.0451 243.8393 195.9522 3.20 1802
7640.54493 18.6474 0.0349 -445.7433 174.0240 2.92 1548
7640.56259 18.7407 0.0465 8.0073 211.9392 3.56 1600
7640.58037 18.9968 0.0755 1070.0581 268.2491 3.36 2488
7640.59796 18.2581 0.3894 -2821.4626 2376.3120 3.82 2445
7640.61439 18.9137 0.0598 752.6551 230.8287 3.54 2098
7640.63553 18.9179 0.0655 769.0272 251.5512 4.87 1749
7640.65028 18.9045 0.0680 715.7578 263.9191 4.11 1770
7641.49918 18.7199 0.0579 -89.8414 267.7591 3.84 2142
7641.51667 18.8269 0.0615 393.7793 256.9768 3.83 2502
7641.52839 18.8937 0.0678 672.1540 265.9075 4.00 2546
7641.54588 18.9066 0.0738 724.3550 285.1038 3.84 2100
7641.56405 19.1193 0.1208 1496.2237 375.4204 4.22 2421
7641.59328 18.6351 0.0479 -508.5087 240.5906 4.30 2417
7641.61095 18.8254 0.0643 387.4302 268.8364 4.67 2519
7641.62891 18.7423 0.0621 15.1910 280.6348 4.73 2509
7641.63335 18.8970 0.0684 685.6233 267.4230 4.36 2472
7641.64793 18.8802 0.0712 617.4675 282.2322 4.97 2559
7642.48958 18.9004 0.0658 699.3971 256.5845 3.75 2495
7642.55479 18.8810 0.0632 620.6037 251.1100 4.08 2689
7643.49201 18.7437 0.0644 21.8077 290.1845 5.53 1910
7643.52285 18.8228 0.0480 376.0620 202.8947 3.44 1875
7643.54070 18.5947 0.0455 -719.6741 237.4849 4.18 1838
7643.55850 18.9304 0.0758 818.2534 286.0761 4.16 1896
7643.57631 18.9532 0.0617 906.3817 229.7882 4.13 1956
7643.59392 18.9343 0.0962 833.3660 358.7360 4.83 2084
7643.62400 18.8047 0.0665 297.2275 283.3380 4.55 2124
7643.62690 18.6688 0.0836 -337.9430 400.1434 6.41 2180
7644.48936 18.8054 0.0729 300.1361 309.3649 5.71 2348
7644.50732 18.7898 0.0551 231.5204 239.0332 4.01 2113
7645.57878 18.7543 0.0687 70.8323 306.2396 4.61 2539
7645.59669 18.8803 0.0737 617.6530 291.7704 5.74 2090
7645.61439 18.7990 0.0666 272.0966 285.1575 5.69 2230
7645.62248 18.7962 0.0628 259.9702 269.9557 5.39 2134
7647.49922 18.8116 0.0509 327.5381 217.0643 3.52 1925
7647.51688 18.8474 0.0542 480.9363 223.2316 3.43 1831
7647.53438 18.6918 0.0436 -225.1152 208.2029 3.62 1787
7647.55191 18.8437 0.0500 465.4108 207.1014 3.76 1834
7647.56991 18.8583 0.0576 526.8922 234.3277 3.88 1915
7647.60038 18.8960 0.0613 681.4362 240.4787 4.37 2020
7647.61652 18.6602 0.0667 -380.8792 324.1693 5.92 2167
7647.63126 18.7983 0.0744 269.1052 317.3948 6.04 2268
7648.49159 18.6955 0.0517 -207.0556 245.1839 2.73 1593
7648.50914 18.7380 0.0399 -4.4833 183.0081 3.08 1622
7648.52763 18.6846 0.0774 -260.3305 366.2274 2.99 1625
7648.54626 18.7983 0.0496 268.9646 214.1731 3.38 1620
7648.57552 18.8208 0.0498 367.2594 210.3203 3.25 1774
7648.59308 18.8520 0.0560 500.4386 229.4807 3.95 1853
7648.61219 18.7244 0.0623 -68.5699 286.0484 4.46 2048
7648.62685 18.7964 0.0595 260.6846 256.2633 4.88 2111
7649.49163 18.7708 0.0526 145.9174 232.4382 3.34 1596
7649.50981 18.8139 0.0479 337.3349 204.0461 3.50 1642
7649.52726 18.8596 0.0551 532.1119 224.3343 3.42 1713
7649.55656 18.8258 0.0525 389.1045 220.5520 4.15 1826
7649.57845 18.8056 0.0654 301.2377 278.4301 5.78 1870
7649.59693 18.9394 0.0738 853.3216 276.7911 5.38 1859
7649.61212 18.7973 0.0666 264.5833 285.6141 5.55 1931
7649.62714 18.5867 0.0572 -762.5447 298.8729 6.19 1909
7650.48257 18.7660 0.0644 124.4314 284.3494 6.09 1614
7650.50574 18.7256 0.0494 -62.8876 228.0010 5.36 1254
7650.52416 18.6923 0.0679 -222.6486 320.3786 5.93 1320
7650.56680 18.6747 0.0542 -308.6925 261.4327 6.24 1608
7650.60411 18.6398 0.0556 -484.2507 276.8222 6.01 1658
7650.60863 18.8029 0.0613 289.2704 261.8742 5.44 1692
7650.62352 18.7265 0.0582 -58.8005 267.1200 5.33 1708
7651.51212 18.8046 0.0649 296.7706 276.5787 5.35 1487
7651.54270 18.7957 0.0515 257.4165 222.4439 4.37 1570
7651.56046 18.8333 0.0541 421.2639 225.6643 4.49 1618
7651.57863 18.8787 0.0560 611.1661 223.6854 4.54 1700
7651.59681 18.7505 0.0616 53.2906 276.4496 5.49 1938
7651.60586 18.9230 0.0739 789.4429 281.0748 5.61 1946
7651.62204 18.7704 0.0607 144.3991 267.4565 5.31 1959
7652.48791 18.8138 0.0484 337.0959 206.1085 4.05 1329
7652.50540 18.9628 0.0558 943.2130 206.4568 4.41 1287
7652.53615 18.9298 0.0518 816.0351 197.9323 4.68 1195
7652.55514 18.7963 0.0519 260.3370 223.9699 5.01 1365
7652.57294 18.7581 0.0475 88.1437 212.8872 4.40 1324
7652.59070 18.8617 0.0701 541.0222 282.8879 5.10 1495
7652.60190 18.9706 0.0592 972.5151 216.9875 4.94 1410
7652.61817 18.9852 0.0599 1027.1300 216.4908 5.03 1450
7653.48952 18.7994 0.0422 274.0868 182.6274 3.41 1247
7653.50732 18.8589 0.0470 529.1998 192.2252 3.80 1232
7653.53302 18.7992 0.0479 273.0440 206.5154 4.54 1298
7653.55325 18.8111 0.0454 325.2152 193.9481 3.81 1207
7653.57242 18.8333 0.0545 421.1368 227.0653 4.93 1237
7653.59227 18.8850 0.0545 637.1461 216.7813 4.63 1377
7653.59935 18.8229 0.0613 376.3369 257.1904 5.11 1399
7653.61484 18.9947 0.0628 1062.4823 224.7636 5.14 1375
7654.49071 18.7594 0.0403 94.0270 181.0615 3.32 1429
7654.51400 18.9089 0.0543 733.3544 211.0526 4.09 1437
7654.53136 18.8976 0.0633 687.8891 247.7590 3.64 1444
7654.56090 18.8540 0.0549 508.7772 224.6483 3.63 1369
7654.57992 18.9163 0.0494 762.8938 191.0964 3.87 1347
7654.59968 18.8444 0.0610 468.5234 250.8156 4.97 1430
7654.60114 18.8270 0.0549 394.0605 230.3897 4.94 1520
7654.61604 18.8192 0.0557 360.5424 235.0007 4.89 1535
7655.49238 18.7857 0.0482 213.0018 210.4930 4.44 1304
7655.51082 18.8326 0.0482 418.3584 201.6608 3.93 1236
7655.52935 18.8368 0.0510 436.3282 212.3702 4.46 1260
7655.55881 18.8950 0.0518 677.7274 204.3700 4.17 1234
7655.57675 18.8091 0.0488 316.4503 208.4136 4.15 1291
7655.59500 18.9848 0.0587 1025.5555 212.4888 4.05 1321
7655.60976 18.7921 0.0488 241.7974 211.8988 4.47 1471
7656.49715 18.8890 0.0476 653.3508 189.3320 3.78 1436
7656.51548 18.8943 0.0518 674.7328 204.2904 4.46 1370
7656.53280 18.9038 0.0568 712.8690 221.5390 3.50 1328
7656.56182 18.7843 0.0449 206.8963 196.7675 3.91 1347
7656.58162 18.8004 0.0464 278.5268 200.3205 4.01 1450
7656.59180 19.0308 0.0597 1193.0327 207.1837 4.19 1479
7656.60749 18.8044 0.0492 295.9068 211.0989 4.31 1506
7657.49077 18.7844 0.0433 207.2273 189.7141 3.48 1443
7657.50856 18.7491 0.0402 46.7338 182.5475 3.30 1304
7657.52777 18.8517 0.0532 499.1214 218.0644 3.26 1346
7657.54789 18.7949 0.0418 254.0258 181.6954 3.48 1299
7657.57853 18.8745 0.0531 594.1119 213.2334 4.11 1397
7657.58996 18.8334 0.0577 421.4822 240.1310 4.56 1457
7657.60641 18.8395 0.0545 447.4031 225.7795 4.62 1537
7658.49604 18.8240 0.0414 381.0813 174.9864 3.27 1504
7658.51545 18.9050 0.0642 717.9302 249.3226 3.35 1319
7658.53578 18.8603 0.0529 535.2556 215.2340 4.37 1284
7658.55657 18.9350 0.0644 836.0361 243.3205 4.43 1465
7658.57592 18.7939 0.0485 249.6665 210.3040 4.30 1425
7658.58858 18.7436 0.0520 21.1966 235.6796 4.46 1548
7658.60387 18.8586 0.0724 528.1460 292.7125 5.24 1606
7659.50508 18.8411 0.0729 454.2276 299.3230 3.07 1370
7659.52303 18.6934 0.0433 -217.0879 206.2249 2.97 1388
7659.54091 18.8853 0.0552 638.3710 219.4046 3.66 1446
7659.56041 18.7414 0.0546 11.1815 247.8544 3.20 1414
7659.57874 18.8471 0.0423 479.8567 175.2931 3.63 1364
7659.58551 18.8936 0.0610 672.1118 239.7775 4.01 1453
7659.60050 18.8279 0.0486 398.0643 204.2631 4.10 1491
7660.53718 18.8141 0.0461 338.3026 196.3449 3.69 1465
7660.55640 18.8438 0.0470 465.6677 194.9562 3.59 1484
7660.57441 18.7662 0.0489 125.1612 217.2800 3.82 1506
7660.58064 18.7368 0.0440 -10.3172 201.5013 4.01 1434
7660.59559 18.7999 0.0502 276.0504 216.2037 4.17 1563
7661.48489 18.6731 0.0470 -316.8159 227.7400 3.01 2090
7661.50283 18.7605 0.0401 99.4183 180.0028 3.36 1331
7661.52078 18.8511 0.0446 496.5677 183.7109 3.44 1372
7661.54942 18.8927 0.0524 668.1469 207.0162 3.84 1377
7661.56718 18.8834 0.0464 630.5003 185.5081 3.60 1381
7661.57626 18.7962 0.0444 259.6578 192.3656 3.86 1401
7661.59246 18.8416 0.0486 456.4235 201.8354 3.92 1425
7662.49397 18.7688 0.0411 136.9095 183.0719 3.24 1517
7662.51212 18.8891 0.0442 653.8259 175.7014 3.37 1485
7662.53041 18.8266 0.0510 392.6359 214.1329 3.38 1519
7662.54068 18.7911 0.0496 237.2909 215.3139 3.48 1543
7662.56990 18.7053 0.0437 -159.4957 205.9859 3.81 1536
7662.58191 18.7952 0.0539 255.3163 232.6648 4.70 1558
7662.59665 18.9266 0.0605 803.4152 230.7209 4.62 1578
7663.50779 18.7311 0.0363 -37.2033 167.5906 3.42 1157
7663.52794 18.7811 0.0530 192.5988 231.9085 3.55 1127
7663.54675 18.7026 0.0478 -172.4347 225.6015 3.18 1132
7663.55921 18.8436 0.0478 464.9098 197.8413 4.11 1239
7663.56956 18.8487 0.0616 486.4772 252.4045 4.99 1277
7663.58519 18.8371 0.0538 437.5452 223.6340 4.50 1284
7664.49793 18.8943 0.0616 674.9492 242.1606 4.78 1645
7664.51677 18.7275 0.0486 -53.7386 224.0862 4.53 1618
7664.54637 18.9555 0.0555 915.3384 206.8306 4.15 1703
7664.56438 18.8529 0.0624 504.0669 254.4570 4.62 1766
7664.57043 18.8682 0.0649 567.9995 260.7409 4.88 1857
7664.58547 18.7737 0.0577 159.1621 253.8921 5.44 1974
7665.51311 18.6250 0.1464 -560.7487 709.2437 3.63 1708
7665.53113 18.6770 0.0943 -297.5017 445.7442 3.84 1722
7665.55057 18.1338 0.3702 -3777.7391 2553.9510 6.31 1366
7665.56570 18.7666 0.0905 126.9331 394.8378 4.07 1659
7666.48953 19.0511 0.0670 1265.0312 227.3294 4.66 1968
7666.50799 18.8050 0.0468 298.6290 201.0929 3.95 1517
7666.52623 18.7762 0.0460 170.3587 203.0361 3.65 1458
7666.54428 18.9139 0.0545 753.2378 211.0583 3.92 1550
7666.56351 18.8820 0.0524 624.7018 209.1425 4.16 1467
7666.57855 18.7611 0.0500 102.0946 223.1657 4.58 1489
7667.51128 18.7963 0.0513 260.4111 221.6195 4.24 1427
7667.52958 18.8774 0.0482 606.0243 193.4437 3.73 1445
7667.54857 18.9521 0.0744 902.2299 275.4985 4.71 1455
7667.55909 18.8971 0.0497 686.2308 195.9975 4.26 1445
7667.57458 18.8320 0.0554 415.4617 231.3208 5.04 1593
7668.50231 18.8314 0.0489 412.9000 204.6330 3.70 1733
7668.52120 18.8380 0.0502 441.0702 208.6667 3.60 1779
7668.55101 18.7591 0.0504 93.0235 225.5078 4.12 1808
7668.55912 18.8037 0.0469 292.8253 201.8654 3.38 1785
7668.57445 18.9250 0.0589 797.1685 225.0793 4.18 1933
7669.49205 18.6836 0.0554 -265.1649 265.2722 3.08 2157
7669.51093 18.7527 0.0641 63.4561 286.6727 3.04 2063
7669.52834 18.8459 0.0532 474.8448 219.4417 3.42 2149
7669.54589 18.9833 0.0707 1020.0064 254.9679 3.80 2189
7669.55479 18.8061 0.0519 303.3595 222.1035 3.43 2277
7669.56918 18.7499 0.0563 50.4853 253.2155 4.41 2384
7670.49390 18.8698 0.0685 574.7167 274.5590 3.66 2160
7670.51660 18.7138 0.0602 -119.0988 279.6503 3.38 2204
7670.53486 18.9054 0.0875 719.3052 336.1955 4.01 2226
7670.55259 18.7752 0.0537 165.8007 236.4876 3.70 2212
7670.57042 18.9030 0.0642 709.7359 250.0028 4.11 2246
7671.52223 18.7917 0.0520 240.0709 225.4888 3.79 1950
7671.54042 18.9860 0.0585 1030.0507 211.5161 3.80 1902
7671.54814 18.9130 0.0737 749.8728 282.9304 4.59 2436
7672.49357 18.7902 0.0638 233.0317 275.7347 4.74 2041
7672.51163 18.7413 0.0441 10.5613 201.1536 3.54 1884
7672.53156 18.8320 0.0662 415.6969 274.8098 4.16 2595
7673.51842 18.7779 0.0515 178.1878 226.1612 3.40 2074
7673.53739 18.7891 0.0534 228.5311 232.1349 3.26 2404
7673.54806 18.9102 0.0625 738.7317 241.9167 3.67 2302
7675.49093 18.7440 0.0504 23.4277 228.6721 3.69 2072
7675.50885 18.7901 0.0501 232.8685 217.8389 3.77 1962
7675.53460 18.9812 0.0865 1012.1915 310.2424 5.43 2113
7675.53752 18.9109 0.0736 741.3955 283.1794 5.01 2263
7675.55268 18.8788 0.0777 611.7571 307.4863 5.38 2323
7676.51449 18.8191 0.0687 360.0273 288.5352 5.62 2179
7676.53327 18.8752 0.0796 596.9028 315.6607 5.78 2519
7676.54827 18.9187 0.0941 772.3189 356.2629 5.96 2826
7680.53792 18.7676 0.0753 131.5715 330.5967 6.39 1821
