7439.86212 18.9383 0.0659 848.9711 248.2805 4.72 2319
7439.88690 18.8232 0.0494 377.6121 208.5682 3.92 2166
7440.84993 18.7836 0.0574 203.7120 250.3233 3.65 2850
7440.87125 18.7420 0.0424 13.8537 193.2478 3.42 2552
7441.82921 18.7270 0.0500 -56.2137 230.3728 3.84 2953
7441.86137 18.6392 0.0426 -487.3578 213.6214 3.83 2547
7441.88264 18.7626 0.0453 108.7345 202.3526 3.73 2286
7444.84710 18.8283 0.0490 399.6802 205.8434 3.95 2150
7444.84877 18.8143 0.0467 339.2121 198.7341 4.01 2073
7444.87291 18.7501 0.0433 51.5466 195.8262 3.32 2003
7444.89643 18.7662 0.0468 125.1026 208.1544 3.89 2445
7445.83555 18.7079 0.0440 -147.2552 206.9318 4.12 2288
7445.85787 18.7174 0.0449 -101.7726 209.0618 3.94 2129
7445.89110 18.6802 0.0377 -281.9883 182.3220 3.47 2069
7446.83250 18.7480 0.0408 42.0132 185.0575 3.78 1955
7446.85553 18.6436 0.0373 -464.7493 186.8215 3.45 1848
7446.87706 18.7561 0.0402 79.0356 181.2918 3.33 1946
7447.81768 18.7284 0.0489 -49.6279 225.3205 4.29 2095
7447.85719 18.6835 0.0389 -265.6105 187.3418 3.38 1857
7447.88234 18.7180 0.0393 -98.7878 183.3506 3.60 1802
7448.82320 18.9905 0.0612 1047.0014 220.1414 5.04 2022
7448.84639 18.8945 0.0512 675.4558 202.1203 4.52 1918
7448.86894 18.8203 0.0439 365.1362 186.3520 3.90 1808
7449.83471 18.8860 0.0607 641.0730 240.5875 4.57 2360
7449.85726 18.8825 0.0528 626.9379 210.5915 4.26 2032
7449.88068 18.8068 0.0457 306.6031 195.9870 4.11 2060
7450.81842 18.9138 0.0674 752.7852 259.3142 5.41 2463
7450.84326 18.8877 0.0648 648.0278 255.6725 4.15 2539
7450.89267 18.9621 0.0680 940.4171 250.2391 5.12 2119
7451.80144 19.0436 0.0686 1238.3665 234.3153 5.39 2224
7451.82382 18.9009 0.0519 701.2179 203.5120 5.25 2261
7451.84581 18.9352 0.0531 837.0416 201.5713 3.94 2129
7451.86793 18.8108 0.0428 324.1762 183.3393 3.60 2015
7451.89215 18.7298 0.0386 -42.9355 178.2216 3.35 1965
7452.81810 18.8692 0.0465 571.9624 188.4281 4.10 1883
7452.84113 18.6750 0.0370 -307.3657 179.8460 3.38 1798
7452.87773 18.6879 0.0320 -243.8551 153.9512 2.82 1672
7453.81491 18.8056 0.0440 301.4046 189.0509 3.97 1752
7453.83857 18.7588 0.0376 91.2772 169.0183 3.70 1613
7453.86107 18.7430 0.0357 18.8277 163.2446 3.20 1536
7453.88504 18.7285 0.0342 -48.9944 158.7030 3.58 1500
7454.80215 18.8407 0.0448 452.8525 186.2787 3.75 1790
7454.83766 18.7740 0.0387 160.3997 171.7088 3.61 1668
7454.85885 18.7039 0.0340 -166.1861 161.2447 3.14 1546
7454.88051 18.6887 0.0291 -240.1088 140.0536 2.80 1396
7454.90279 18.6850 0.0576 -258.0363 274.8249 2.53 1830
7455.79690 19.0247 0.0754 1171.4726 261.1021 5.77 1685
7455.81740 18.8749 0.0502 595.6744 201.8260 4.24 1591
7455.84927 18.7248 0.0383 -66.7494 177.8464 3.53 1572
7455.87013 18.7819 0.0471 196.1043 206.7014 3.43 1714
7455.87180 18.7528 0.0369 63.7469 167.0625 3.21 1590
7455.89462 18.6996 0.0382 -186.9785 181.4972 3.55 1678
7456.79020 18.7121 0.0420 -127.2283 196.9779 3.73 2075
7456.81129 18.7567 0.0381 81.9483 171.9133 3.38 1826
7456.83393 18.6948 0.0370 -210.2141 176.5194 3.35 1704
7456.86960 18.6745 0.0329 -309.7086 160.5406 3.17 1674
7456.89089 18.7018 0.0334 -176.6948 158.6372 3.18 1638
7457.79456 18.7876 0.0539 221.6872 234.4288 4.27 2380
7457.81557 18.7726 0.0445 154.4017 196.9918 3.94 2121
7457.83919 18.6547 0.0376 -408.7996 186.3477 3.51 2038
7457.86120 18.6687 0.0393 -338.6874 191.8780 3.40 2075
7457.88199 18.7442 0.0459 24.3149 208.6972 3.48 1792
7458.79231 18.7921 0.0467 241.5759 203.1425 3.92 1789
7458.81345 18.7474 0.0442 38.9573 200.6277 3.54 1671
7458.83713 18.7901 0.0424 232.9833 185.1008 3.82 1483
7458.85841 18.7384 0.0356 -2.6278 163.2023 3.13 1403
7458.87941 18.7212 0.0329 -83.6011 153.3983 3.47 1368
7460.78990 18.7978 0.0430 266.9888 186.1236 4.23 1679
7460.81116 18.7182 0.0374 -97.7095 174.6738 4.03 1671
7460.83220 18.7353 0.0379 -17.3847 174.1186 3.62 1790
7460.85564 18.7356 0.0430 -15.8755 197.3869 3.19 1584
7460.87637 18.6872 0.0327 -247.3549 157.4255 3.25 1565
7461.77961 18.8858 0.0498 640.3824 198.4434 4.29 1896
7461.80332 18.8748 0.0687 595.3943 273.7758 4.00 1792
7461.82619 18.8195 0.0461 361.9119 195.2388 3.76 1629
7461.84792 18.7591 0.0357 92.9197 160.5588 3.48 1479
7461.86981 18.7377 0.0359 -6.1356 164.6929 3.36 1550
7461.90422 18.7138 0.0340 -118.9827 159.9622 2.95 2000
7462.77848 18.9535 0.0594 907.4539 221.1559 5.23 2103
7462.80257 18.8547 0.0481 511.6015 197.1962 4.45 1786
7462.82696 18.7077 0.0492 -148.1480 230.9699 3.60 1722
7462.85179 18.6910 0.0451 -228.8919 215.4485 3.51 1502
7462.87453 18.4856 0.1838 -1330.8484 995.6079 3.52 1489
7462.89701 18.7099 0.0404 -137.5023 189.9762 3.28 1522
7465.80107 18.7867 0.0531 217.8381 231.4301 4.94 1926
7466.75866 18.9951 0.0784 1063.8618 278.6493 6.13 2519
7466.78057 18.9828 0.0828 1018.3628 296.9231 5.03 2577
7466.80123 18.7233 0.0631 -73.6776 289.8979 3.93 2176
7466.82146 18.7009 0.0598 -180.6016 281.1619 4.14 1990
7466.84176 18.6826 0.0455 -269.9178 218.9783 3.21 1895
7466.87396 18.8054 0.0407 300.5449 175.3366 3.33 1762
7466.89453 18.6593 0.0380 -385.6197 187.2158 2.67 1788
7469.86588 18.7547 0.0427 72.5139 192.3502 3.39 2275
7469.89076 18.7821 0.0481 197.1111 210.6449 3.90 2028
7472.80191 18.7662 0.0543 125.1404 240.9454 4.71 2189
7472.82495 18.7420 0.0450 13.7965 204.9590 3.80 2079
7472.84701 18.7618 0.0407 105.3526 182.4567 3.26 1918
7472.86784 18.6453 0.0336 -456.0905 168.0583 3.40 1929
7472.88855 18.7885 0.0425 225.5681 185.5435 3.73 1976
7472.90935 18.6892 0.0359 -237.8091 172.5731 3.28 1994
7473.77789 18.9616 0.0662 938.3943 243.8599 4.30 2697
7473.86003 18.7299 0.0389 -42.3814 179.6645 3.18 2220
7473.90521 18.6358 0.0463 -504.9700 232.4966 2.88 2218
7474.73780 18.8115 0.0597 326.8684 253.4468 4.73 2953
7474.77104 18.7719 0.0495 151.1153 219.0775 4.12 2640
7474.79349 18.7839 0.0459 205.0754 200.8924 3.84 2394
7474.81368 18.7055 0.0399 -158.8071 188.2670 3.42 2497
7474.83412 18.9035 0.0540 711.8351 210.9968 3.74 2532
7474.86724 18.8256 0.0507 388.2675 213.3775 3.83 2313
7474.88760 18.6899 0.0381 -234.1507 182.6077 3.34 2174
7474.90788 18.6719 0.0408 -322.5788 198.6843 3.69 2236
7475.76611 18.8202 0.0615 364.7701 258.8256 4.40 2606
7475.78973 18.7022 0.0438 -174.4780 206.9517 3.56 2482
7475.81129 18.8000 0.0498 276.6353 214.5423 3.84 2441
7475.83656 18.6884 0.0418 -241.5408 200.4763 3.32 2308
7475.87154 18.7123 0.0412 -125.9402 193.2748 3.36 2290
7475.90340 18.7566 0.0407 81.4795 183.2979 3.29 2332
7476.74418 18.8126 0.0551 331.8151 234.0015 4.53 2535
7476.80122 18.7341 0.0491 -22.8955 225.0936 3.17 2274
7476.83460 18.7301 0.0511 -41.7911 234.7046 3.21 2081
7476.85663 18.6996 0.0415 -187.0527 196.7142 3.20 2420
7476.87719 18.7339 0.0394 -23.6875 181.2862 2.89 2144
7476.89892 18.7784 0.0511 180.6443 224.5232 3.61 2268
7477.76383 18.7943 0.0563 251.4309 243.0158 4.40 2861
7477.79726 18.7252 0.0539 -64.6158 248.4222 4.46 2885
7477.82229 18.8218 0.0577 371.8371 242.9391 4.42 2637
7477.84437 18.7899 0.0639 232.0239 276.2289 5.24 2732
7477.86556 18.9046 0.0580 716.3230 225.9673 3.98 2418
7477.88698 18.7878 0.0570 222.6011 247.6941 4.11 2940
7478.76558 18.7135 0.0491 -120.1128 229.3909 4.04 2538
7478.78923 18.6717 0.0385 -323.8280 187.7655 3.40 2486
7478.81189 18.6627 0.0380 -368.3464 186.9661 3.50 2335
7478.83677 18.6570 0.0383 -397.2234 189.1247 4.00 2416
7478.85973 18.7066 0.0361 -153.2243 170.4712 3.44 2094
7478.88141 18.6355 0.0358 -506.2469 180.4945 3.78 2260
7479.74476 18.7533 0.0501 66.2156 225.2255 5.06 1640
7479.76267 18.7303 0.0444 -40.6304 204.6701 4.39 1609
7479.78040 18.7714 0.0452 148.9168 200.5141 4.10 1527
7479.79820 18.9126 0.0507 748.0615 196.6909 4.25 1505
7479.81590 18.7735 0.0519 158.4289 228.8406 4.07 1537
7479.85333 18.7826 0.0449 199.4276 197.1613 3.86 1534
7479.87111 18.8902 0.0480 657.9753 190.3364 3.90 1536
7479.88966 18.7624 0.0394 107.8807 176.4088 3.39 1549
7479.90932 18.8626 0.0535 544.8411 217.1432 3.84 1607
7480.74326 18.5945 0.0529 -720.6535 274.9469 5.82 1483
7480.77230 18.7017 0.0508 -176.9784 239.6145 4.86 1477
7480.79204 18.5973 0.0430 -706.0013 224.0393 4.34 1465
7480.80977 18.7513 0.0489 57.1655 220.4569 4.54 1492
7480.82729 18.7976 0.0614 266.1196 263.8825 5.28 1553
7480.84531 18.7333 0.0644 -26.6714 292.9535 5.13 1565
7480.87405 18.8476 0.0547 482.0596 225.2083 4.31 1581
7480.89188 18.7544 0.0424 71.1194 191.2269 3.60 1499
7481.73267 18.7144 0.0423 -115.7998 198.0425 3.95 1399
7481.75086 18.8263 0.0513 390.9487 215.5444 4.40 1367
7481.76953 18.8664 0.0817 560.5008 326.2031 3.99 1358
7481.79023 18.7976 0.0400 265.8578 173.6009 3.53 1272
7481.79340 18.8474 0.0512 480.9569 211.2229 3.60 1277
7481.82250 18.9513 0.0797 899.0326 294.5324 3.71 1460
7481.84112 18.7644 0.0388 117.1993 173.5270 3.11 1302
7481.85934 18.7026 0.0353 -172.7998 167.3435 3.15 1249
7481.86081 18.6766 0.0345 -299.4173 167.6606 3.39 1291
7481.87779 18.8077 0.0534 310.4243 228.1280 3.07 1490
7481.89890 18.7738 0.0858 159.6251 372.4253 3.72 1693
7482.76967 18.8920 0.1333 665.6055 508.0062 4.30 1404
7482.78952 19.4407 0.6507 2409.9104 1196.0712 4.58 1286
7482.81405 18.7262 0.0509 -60.1503 234.8127 3.58 1396
7482.83379 18.7155 0.0715 -110.9046 329.9127 3.59 1477
7482.85494 18.6196 0.0732 -588.6950 368.6300 3.90 1553
7482.87855 18.9656 0.0796 953.6073 290.4068 3.54 1526
7482.91074 18.7525 0.1421 62.5482 613.3412 4.30 1636
7484.71932 18.4242 0.0564 -1703.0711 342.5530 6.30 1186
7484.73769 18.7728 0.0539 155.0043 237.7296 5.98 1286
7484.75810 18.8441 0.0677 467.0000 277.7526 5.90 1364
7484.77671 18.7156 0.0574 -110.3435 266.3194 5.43 1309
7484.79627 18.7998 0.0492 275.5423 211.9759 4.53 1297
7484.82885 18.8533 0.0456 505.8482 187.3713 3.75 1263
7484.84938 18.7091 0.0428 -141.1916 201.1027 3.75 1249
7484.86892 18.7643 0.0395 116.6095 176.6956 3.42 1290
7484.88856 18.7225 0.0363 -77.7170 169.1043 2.99 1214
7484.90845 18.7199 0.0365 -89.6404 170.5295 3.34 1252
7485.74051 18.7001 0.0587 -184.7282 275.9549 5.45 1233
7485.76853 18.7371 0.0471 -8.9413 215.3700 4.15 1142
7485.79747 18.7466 0.0343 35.5268 156.1446 3.09 1147
7485.82577 18.7106 0.0471 -134.0699 220.8036 4.75 1217
7485.85743 18.7640 0.0413 115.2892 184.5757 3.82 1168
7485.89555 18.7810 0.0404 192.3127 177.7624 3.26 1106
7486.72436 18.7019 0.0538 -176.1486 253.1115 5.56 1405
7486.75175 18.7635 0.0452 112.7885 201.7823 4.31 1283
7486.78657 18.7323 0.0432 -31.3837 198.7575 3.51 1267
7486.81006 18.7915 0.0430 238.8349 187.4863 3.93 1266
7486.84110 18.8077 0.0408 310.4523 175.1280 3.49 1299
7486.86561 18.7852 0.0413 210.7536 181.0509 3.62 1352
7486.89099 18.7575 0.0464 85.6396 208.4031 3.62 1355
7487.71494 18.8677 0.0590 566.0413 237.8957 5.18 1451
7487.73547 18.8282 0.0602 399.4332 251.6575 5.64 1454
7487.76716 18.7563 0.0472 79.9685 211.9155 3.58 1312
7487.78531 18.7587 0.0468 91.0029 209.7370 3.95 1410
7487.80586 18.8034 0.0502 291.6350 215.7545 3.59 1451
7487.82673 18.7151 0.0360 -112.8850 168.8605 3.21 1414
7487.84424 18.7318 0.0362 -33.8745 166.9857 3.01 1398
7487.84759 18.7127 0.0360 -123.9205 169.1468 3.19 1439
7487.87606 18.7164 0.0399 -106.6879 186.4331 3.38 1385
7487.89743 18.7385 0.0368 -2.2152 168.7356 2.86 1411
7487.91820 18.8133 0.0508 334.9361 215.9159 3.67 1471
7488.71082 18.8635 0.0494 548.4495 200.8547 4.38 1334
7488.72952 18.8465 0.0513 477.3969 211.6742 4.99 1295
7488.74727 18.8532 0.0548 505.6384 224.3049 5.62 1299
7488.77560 18.8841 0.0481 633.3405 191.9736 3.90 1375
7488.79955 18.7619 0.0360 105.5340 161.5249 3.28 1170
7488.82099 18.7973 0.0389 264.6347 168.6974 3.37 1289
7488.83909 18.7375 0.0391 -6.8192 179.4773 3.53 1456
7488.85628 18.7791 0.0431 183.4101 190.0280 3.56 1494
7488.89168 18.7187 0.0392 -95.3391 182.8357 3.13 1404
7488.91129 18.8433 0.0564 463.7828 232.9457 4.12 1430
7491.70370 18.7577 0.0445 86.6502 199.9658 3.83 1394
7491.72145 18.7651 0.0497 120.1181 221.2669 4.03 1402
7491.74245 18.7553 0.0414 75.3378 186.5256 3.85 1391
7491.77062 18.6778 0.0387 -293.7270 187.3685 3.71 1319
7491.78978 18.7890 0.0440 227.7265 191.8244 3.25 1272
7491.80939 18.8878 0.0466 648.4643 185.3072 3.31 1265
7491.82658 18.7887 0.0358 226.4092 156.9660 2.92 1253
7491.84470 18.7340 0.0383 -23.2997 176.2672 3.17 1239
7491.89088 18.6936 0.0423 -216.1068 201.6059 3.61 1259
7491.90939 18.8326 0.0432 418.1938 181.1966 3.32 1178
7494.70325 18.7981 0.0445 268.2987 192.6329 3.99 1425
7494.72082 18.7471 0.0400 37.7931 181.9334 3.69 1294
7494.73835 18.8113 0.0713 326.3718 301.0018 3.74 1320
7494.77114 18.6728 0.0321 -318.1648 156.6949 3.20 1077
7494.79552 18.7474 0.0425 38.9255 192.9784 3.38 1195
7494.81628 18.8153 0.0546 343.4427 231.2868 3.38 1180
7494.83403 18.7947 0.0429 253.1365 186.5001 3.76 1260
7494.85468 18.7932 0.0401 246.6880 174.6778 3.38 1274
7494.87454 18.8277 0.0396 397.1956 166.9389 3.24 1265
7494.90587 18.7571 0.0348 83.9004 156.9795 2.78 1403
7494.92432 18.7571 0.0525 83.8745 234.9394 2.86 1976
7495.68487 18.6859 0.0573 -253.6587 273.2054 5.58 1632
7495.72362 18.7000 0.0529 -185.2951 249.4927 4.10 1482
7495.74298 18.7781 0.0434 179.2581 191.2586 3.85 1484
7495.76086 18.7966 0.0479 261.5572 207.0896 3.58 1466
7495.78928 18.7738 0.0454 159.6429 200.5998 3.58 1346
7495.81037 18.7188 0.0350 -94.9958 163.7922 3.31 1226
7495.82822 18.7950 0.0377 254.6652 164.2471 3.15 1207
7495.84864 18.6543 0.1105 -410.7175 529.5971 3.56 1127
7495.86818 18.7288 0.0386 -47.5805 178.4818 3.13 1320
7495.89874 18.7967 0.0414 262.2564 179.6103 3.56 1274
7495.91726 18.8190 0.0399 359.5735 169.7964 3.27 1395
7497.82533 18.7295 0.0515 -44.5882 236.3947 4.20 1596
7497.84662 18.8043 0.0593 295.6118 253.3106 4.24 1622
7497.86504 18.8052 0.0483 299.6524 207.1004 3.94 1578
7497.88396 18.7260 0.0488 -60.9036 225.1454 4.58 1489
7497.91184 18.7323 0.0462 -31.2409 212.3166 3.62 1465
7498.68709 18.6968 0.0606 -200.4505 285.6473 5.86 1969
7498.70751 18.7955 0.0611 256.8432 262.8588 5.35 1785
7498.72807 18.8528 0.0514 503.9593 210.7529 3.91 1750
7498.74823 18.8541 0.0544 509.3584 222.6146 4.18 1674
7498.76567 18.7730 0.0539 156.1497 237.7749 4.51 1726
7498.79978 18.7808 0.0466 191.3753 204.6098 3.74 1636
7498.81751 18.7514 0.0462 57.4239 208.6148 3.64 1621
7498.83808 18.9179 0.0572 769.1900 220.1857 4.14 1694
7498.86053 18.7272 0.0654 -55.2717 299.1963 4.82 1669
7498.88587 18.8717 0.0540 582.2923 217.3092 4.20 1645
7498.92002 18.8027 0.0730 288.2965 310.4976 5.59 1444
7499.68854 18.6880 0.0501 -243.2622 239.2695 3.63 2156
7499.69430 18.7237 0.0555 -71.9550 255.7543 3.26 2098
7499.71395 18.8222 0.0572 373.2744 240.7453 3.56 1922
7499.73134 18.7424 0.0454 15.7690 206.6185 3.11 1826
7499.75447 18.7317 0.0468 -34.0779 215.1563 3.14 1651
7499.77238 18.7305 0.0389 -39.8202 179.5806 3.22 1700
7499.80116 18.5837 0.0407 -778.5943 214.8177 3.48 1664
7499.81818 18.7704 0.0583 144.3216 256.9564 2.94 1599
7499.83613 18.6923 0.0548 -222.7257 260.0476 3.10 1584
7499.85475 18.8656 0.0649 557.2841 261.2432 3.08 1560
7499.87597 18.8808 0.0538 619.8292 214.8948 4.32 1821
7499.91117 18.9763 0.1495 994.1531 523.4026 2.72 1621
7500.68067 18.6429 0.0503 -468.7198 250.2446 4.03 2498
7500.69848 18.6802 0.0575 -281.9260 275.6277 3.47 2308
7500.73635 18.8227 0.0464 375.8143 196.2397 3.36 2094
7500.75445 18.7940 0.0441 249.9557 191.4337 3.32 2065
7500.82669 18.7339 0.0357 -23.7045 164.5111 2.82 1867
7500.84514 18.6910 0.0390 -228.8485 186.9224 3.08 1958
7500.86506 18.7768 0.0409 173.3633 180.6283 2.89 1932
7500.88344 18.8117 0.0787 327.7011 331.2800 3.27 2963
7500.90583 18.8201 0.0606 364.5266 255.0148 3.52 2689
7504.79319 18.7898 0.0694 231.4925 299.2525 5.54 2708
7504.79616 18.9402 0.0793 856.5496 296.1796 5.07 2755
7504.82514 18.8379 0.0709 440.6837 292.1781 4.81 2885
7504.84305 18.7126 0.0513 -124.4459 239.3530 3.73 2568
7505.74236 18.7463 0.0497 34.0902 224.8747 3.62 2675
7508.67932 18.6784 0.0460 -290.6918 222.0575 3.90 1289
7508.69694 18.8147 0.0460 340.8894 195.7349 3.64 1275
7508.71451 18.8765 0.0428 602.1303 172.5889 3.64 1322
7508.73182 18.7266 0.0398 -58.0567 184.4649 3.60 1346
7508.73463 18.7681 0.0481 133.9213 213.4361 3.37 1398
7508.75212 18.8239 0.0480 380.7076 202.6795 3.48 1298
7508.77967 18.7349 0.0381 -19.0296 175.1947 3.36 1347
7508.79820 18.8297 0.0398 405.6485 167.6059 3.37 1270
7508.81585 18.7499 0.0803 50.4813 357.1952 3.22 1249
7508.84265 18.7419 0.0442 13.3756 201.6483 3.31 1333
7508.86098 18.7796 0.0533 185.6636 233.7416 3.26 1461
7508.88748 18.6885 0.0601 -240.9117 285.6198 2.99 1372
7508.90511 18.8609 0.0547 537.5545 222.3361 3.64 1401
7508.92239 18.9017 0.0491 704.6071 192.8100 3.69 1609
7509.65623 18.9514 0.0559 899.5225 209.1082 4.48 1255
7509.67695 18.8821 0.0482 625.1457 192.6984 4.33 1262
7509.70750 18.7521 0.0374 60.7840 169.3023 3.61 1260
7509.73571 18.7589 0.0440 91.8877 197.6218 3.25 1250
7509.75763 18.7948 0.0386 253.7303 168.1032 3.46 1311
7509.77741 18.8831 0.0557 629.2782 221.7893 4.13 1382
7509.79501 18.8516 0.0544 498.9393 222.8455 4.34 1337
7509.81544 18.7141 0.0395 -117.2842 184.8483 3.09 1492
7509.86648 18.9760 0.1282 992.9610 453.1644 4.26 2067
7511.71919 18.6794 0.1060 -285.7812 497.7304 3.76 1144
7511.73609 18.8029 0.0405 289.4834 174.8797 3.02 1242
7511.75333 18.7477 0.0354 40.3875 161.0140 3.27 1192
7511.78188 18.8658 0.0402 558.1938 163.7817 3.20 1306
7511.79980 18.5864 0.0755 -764.2550 391.4105 2.69 1259
7511.82018 18.6983 0.0387 -193.4182 184.1839 3.00 1272
7511.83939 18.6740 0.0376 -312.5537 182.8717 2.69 1289
7511.85724 18.8172 0.0403 351.8897 171.7339 3.25 1309
7511.87886 18.7237 0.0349 -71.7567 162.2544 2.79 1421
7511.91139 18.9001 0.2080 698.3146 760.7996 4.12 1625
7511.92924 19.0131 0.0845 1129.7268 294.6259 3.50 1860
7512.64774 18.7086 0.1619 -143.5736 721.0858 5.05 1265
7512.66495 18.7154 0.0630 -111.2854 291.7717 3.96 1328
7512.70318 18.9843 0.2224 1023.8116 748.2066 4.53 1228
7512.73273 18.7327 0.0692 -29.5310 314.6276 4.38 1322
7512.75452 18.8750 0.0547 596.0596 219.4727 2.95 1245
7512.75773 18.6924 0.0545 -222.0909 258.9085 3.08 1319
7512.76064 18.7507 0.0344 54.0693 156.0654 3.06 1262
7512.77866 18.8433 0.0672 463.8163 275.8679 2.92 1304
7512.79611 18.7181 0.0983 -98.2687 446.8588 3.01 1264
7512.79906 18.6308 0.1187 -530.6420 579.3287 3.25 1265
7512.81631 18.6410 0.0711 -477.9891 350.9964 2.79 1314
7512.84863 18.8892 0.1033 654.2423 399.9441 3.24 1304
7512.86870 18.8650 0.2225 554.6153 835.2158 2.97 1254
7512.88661 18.7301 0.1274 -41.8213 565.3610 3.03 1334
7512.90362 18.9546 0.0997 911.8581 364.1554 3.07 1383
7512.92215 18.7730 0.0839 155.8901 365.0826 3.10 1437
7514.63894 18.7931 0.0601 246.0905 259.2298 5.25 1524
7514.68907 18.6393 0.2133 -487.0988 989.7289 6.38 1159
7514.71465 18.6391 0.1296 -487.8125 624.6207 4.68 1144
7514.73318 18.6356 0.2059 -506.0948 962.1022 4.57 1023
7514.76171 19.1650 0.6325 1643.2530 1509.9313 4.74 1140
7514.89940 18.6901 0.0834 -233.4572 391.7710 3.29 1341
7514.91708 18.6793 0.1485 -285.9814 683.6341 3.50 1233
7515.83420 18.8097 0.5787 319.2329 1959.8253 4.92 1031
7516.64291 18.7130 0.0436 -122.5426 204.3053 3.93 1475
7516.67720 18.7819 0.0419 196.1428 184.3714 3.69 1233
7516.69456 18.7979 0.0628 267.2269 269.6490 3.43 1289
7517.64700 18.1221 0.3483 -3873.5478 2452.4087 5.75 1146
7517.66429 18.2880 0.1621 -2607.4618 1063.6433 6.42 1293
7517.68472 18.6116 0.2343 -630.4582 1105.1724 4.49 1227
7517.70339 18.2390 0.2230 -2961.2717 1489.6784 5.41 1181
7517.73261 18.7939 0.0739 249.6853 316.6861 3.53 1374
7517.75245 18.7976 0.0727 266.0460 310.6154 3.06 1373
7517.76932 18.6692 0.1482 -336.1085 688.9899 3.23 1381
7517.78673 18.4605 0.1099 -1480.7382 629.8507 3.73 1407
7517.80425 18.5824 0.1103 -785.3477 564.9845 3.10 1322
7520.68915 18.6467 0.0939 -449.3729 456.8403 4.10 1481
7520.70958 18.6690 0.1558 -337.0089 721.7656 4.42 1389
7520.72613 18.7223 0.1333 -78.5699 594.0872 3.87 1566
7520.74381 18.7963 0.1720 260.1666 703.4987 4.00 1525
7520.76821 18.7990 0.0634 272.3504 271.8980 4.78 1567
7520.79052 19.1432 0.2830 1573.7609 800.5782 4.25 1584
7520.82232 18.6514 0.1509 -425.4303 712.3717 4.57 1612
7520.83676 18.7397 0.0901 3.4750 402.8578 4.09 1724
7520.85733 18.8271 0.0634 394.4586 264.9590 3.58 1722
7520.88089 18.9035 0.0585 711.6724 228.1868 4.50 1646
7520.89886 18.7852 0.1678 211.1012 694.7920 4.84 1809
7520.91710 19.2476 0.2937 1893.5809 751.1188 6.23 1753
7522.62556 18.7819 0.2440 196.3001 979.4853 5.66 2344
7522.64500 18.7150 0.1910 -112.9980 834.7825 5.69 2103
7522.66409 19.1110 0.3105 1468.6770 894.0268 5.49 2050
7522.68178 18.8128 0.1535 332.7881 623.7781 4.62 1827
7522.68463 18.5542 0.0659 -939.4303 353.3244 3.64 1679
7522.70243 18.8509 0.0990 495.7352 398.2100 4.83 1670
7522.73181 18.8292 0.0460 403.4201 193.2230 3.30 1397
7522.75535 18.8742 0.0553 592.7205 222.1373 3.15 1451
7522.77261 18.7031 0.0393 -170.4104 186.1438 3.52 1436
7522.79016 18.7525 0.0456 62.6101 205.8701 3.72 1451
7522.80985 18.7932 0.0435 246.6064 189.2075 3.67 1536
7522.84358 18.7344 0.0325 -21.6007 150.1284 2.61 1512
7523.64747 18.9061 0.0689 722.1068 266.8125 5.89 1373
7523.66491 18.9214 0.0614 782.7617 235.3914 4.87 1334
7523.68263 19.6098 0.6337 2792.6164 1003.8256 5.66 2499
7523.70347 18.8036 0.0534 292.5595 229.0573 5.20 1304
7523.73222 18.7458 0.0410 31.7546 186.6486 3.82 1295
7523.74976 18.8056 0.0435 301.3835 186.9693 3.81 1263
7523.76731 18.8337 0.0472 422.7514 197.5143 4.24 1192
7523.78836 18.6861 0.0446 -252.6530 214.1002 4.58 1227
7523.81023 18.7950 0.0468 254.4015 202.8185 4.04 1357
7523.84211 18.7706 0.0576 145.2464 253.9690 4.16 1499
7523.85976 18.7317 0.0444 -33.9656 204.0928 4.26 1510
7523.88425 18.8000 0.0435 276.5579 188.0082 3.67 1415
7523.90173 18.8632 0.0547 547.2459 221.8370 4.10 1485
7523.91906 18.8909 0.0583 660.8160 230.2039 4.23 1539
7524.89065 18.6174 0.0770 -600.1988 387.5910 5.20 1456
7524.91483 18.6724 0.0715 -320.5214 343.0182 5.25 1587
7526.60364 18.7766 0.0771 172.2734 335.0759 5.22 2435
7526.62445 18.7720 0.0635 151.6564 278.8699 4.84 2465
7526.66028 18.7442 0.0565 24.1604 255.7171 4.24 2592
7526.72938 18.7767 0.0859 172.9064 372.1393 3.62 2323
7526.74777 18.7099 0.0869 -137.6226 400.0978 4.91 2429
7526.84276 18.8706 0.1059 577.8906 416.8982 3.90 1795
7526.87398 18.7142 0.1256 -116.7732 565.9398 3.63 1580
7526.87696 18.6173 0.0707 -600.4958 356.8403 3.37 1632
7526.88297 18.7227 0.1519 -76.7264 671.0596 3.97 1578
7526.90138 18.5323 0.1726 -1061.8110 899.9784 6.11 1638
7528.85649 18.6992 0.0505 -188.9130 238.4810 3.67 2444
7528.89838 18.6648 0.0638 -358.1075 309.3764 4.34 2990
7528.91765 18.8289 0.0536 402.4995 224.5890 3.87 2149
7528.93602 18.7305 0.0443 -39.6077 204.1339 3.50 2006
7529.66250 18.8331 0.0715 420.2891 296.0191 5.17 2722
7529.68256 18.7585 0.0780 90.3182 344.9044 6.31 2654
7529.69982 18.6486 0.0637 -439.5975 313.4370 5.97 2719
7529.74125 18.9039 0.0802 713.4049 309.6754 5.89 2623
7529.75870 18.6600 0.0599 -381.8807 292.0275 4.98 2482
7530.67472 18.9290 0.0879 812.9876 330.6592 4.84 2868
7530.69202 18.7194 0.0589 -92.2290 272.2358 4.54 2804
7530.72261 18.7639 0.0592 114.6304 262.4573 4.40 2550
7530.73984 18.6981 0.0511 -194.3658 241.9032 3.78 2543
7530.75886 18.8083 0.0634 313.1141 269.5329 4.45 2573
7530.78281 18.8371 0.0719 437.4823 296.2178 4.78 2817
7534.63838 18.8510 0.0706 496.0643 287.6164 4.11 2998
7534.66786 18.8305 0.0544 409.1488 227.2910 4.00 1862
7534.68517 18.7430 0.0390 18.8467 177.8332 3.42 1717
7534.70374 18.6824 0.0514 -270.8287 246.5112 3.68 2456
7534.72233 18.7807 0.0519 190.6836 227.4397 3.48 1880
7534.73966 18.6860 0.0393 -253.4652 189.2040 3.58 1800
7534.77452 18.8518 0.0438 499.4246 180.3219 3.17 1616
7534.79528 18.8501 0.0550 492.4942 225.8029 3.29 1885
7534.81685 18.7099 0.0847 -137.5632 390.2214 3.19 1627
7534.83446 18.8067 0.0710 306.1282 301.1983 3.18 1711
7534.85274 18.8211 0.1082 368.7409 445.3947 3.40 1709
7534.88161 18.7767 0.0508 172.7419 223.5260 3.87 1998
7534.90046 18.9531 0.0613 906.0365 228.3027 3.86 2349
7534.91819 18.7438 0.0489 22.2307 222.0552 3.82 2110
7534.93573 18.8902 0.0649 658.1814 255.4454 3.85 2531
7536.57683 18.8694 0.0547 572.8034 220.6800 4.29 1575
7536.59469 18.7664 0.0801 126.0404 351.1330 4.28 1336
7536.62895 18.6335 0.0488 -516.8195 245.1042 5.07 1289
7536.65070 18.5300 0.3795 -1074.9694 1810.5361 4.98 897
7536.66989 18.7254 0.0364 -63.9402 169.2273 3.24 1340
7536.69115 18.6714 0.0367 -325.3481 179.3098 3.22 1279
7536.71055 18.6622 0.0508 -370.8591 248.4697 3.54 2022
7536.72950 19.0414 0.0934 1230.6645 315.9117 2.75 1785
7536.73417 18.7138 0.0423 -118.9630 197.8753 3.25 1313
7536.75154 18.7270 0.0542 -56.4998 249.2263 3.48 2031
7536.77947 18.8835 0.0636 630.8219 252.0754 3.05 1449
7536.79768 18.7143 0.0360 -116.5122 168.7841 3.32 1321
7536.81509 18.7580 0.0430 87.7855 193.2591 3.12 1299
7536.83228 18.7668 0.0414 127.9860 184.7335 3.41 1358
7536.84965 18.8329 0.0435 419.4315 182.2093 3.41 1426
7536.87814 18.9058 0.0518 721.0818 202.1913 3.83 1578
7536.89686 18.7467 0.0502 35.9316 226.9321 3.65 1927
7536.91472 18.8407 0.0455 452.9139 189.1206 3.61 1557
7545.76960 18.8672 0.0541 563.9559 218.6464 4.15 1312
7545.77294 18.7970 0.0550 263.5790 236.9526 4.25 1253
7545.89452 18.6860 0.0557 -253.0415 265.6664 5.80 1486
7546.78474 18.6669 0.0311 -347.7576 152.6260 2.96 1137
7546.80112 18.6345 0.0455 -511.3371 228.9958 2.73 1145
7546.81975 18.6787 0.0465 -289.2854 224.3950 2.88 1168
7546.84625 18.7320 0.0393 -32.9734 181.1802 3.52 1333
7546.86812 18.7437 0.0400 21.8044 182.3707 3.42 1369
7546.89697 18.9229 0.0573 788.7891 219.7779 4.10 1762
7546.91836 18.8646 0.0601 553.2267 242.9843 4.54 1943
7547.55789 18.8191 0.0526 359.9309 222.5654 4.34 1355
7547.58179 18.7906 0.0482 234.7860 209.7335 4.58 1251
7547.59987 18.7104 0.0431 -135.0776 202.5062 4.12 1311
7547.61769 18.7734 0.0409 157.8364 181.1466 3.93 1178
7547.63995 18.7366 0.0379 -11.4034 174.0426 3.77 1002
7547.66850 18.7665 0.0392 126.6838 175.2439 3.48 1077
7547.68607 18.7921 0.0408 241.5737 177.6435 3.68 1056
7547.70358 18.7867 0.0464 217.7461 202.7831 4.40 1105
7547.72400 18.7682 0.0404 134.2898 179.8171 3.95 1025
7547.74713 18.8314 0.0431 412.9917 180.9897 3.88 1118
7547.77564 18.7805 0.0455 189.7334 200.0155 4.50 1133
7547.79433 18.5707 0.0465 -848.7361 247.9100 6.23 1147
7547.81230 18.7786 0.0464 181.2752 204.2054 4.02 1052
7547.82956 18.7171 0.0474 -102.9967 220.8537 4.61 1089
7547.84694 18.7828 0.0400 200.3248 175.9215 3.93 1188
7547.87675 18.7717 0.0446 150.0978 197.8034 3.93 1196
7547.89362 18.7834 0.0488 203.0862 213.3876 3.99 1236
7547.91085 18.7957 0.0450 257.5767 194.9824 4.11 1316
7548.61745 18.6757 0.0334 -303.8601 162.6749 3.43 1068
7548.63582 18.6359 0.0326 -504.5221 164.6423 3.38 1101
7548.65373 18.6844 0.0298 -261.0811 144.2908 2.92 983
7548.68464 18.6607 0.0370 -378.4637 182.2384 3.25 1005
7548.71056 18.6979 0.0323 -195.1337 154.1306 3.27 976
7548.72839 18.6891 0.0328 -238.2908 157.6385 3.23 969
7548.74788 18.6600 0.0321 -382.0989 158.7621 3.32 941
7548.76818 18.8803 0.0456 617.9676 182.7921 4.19 1025
7548.78702 18.8064 0.0407 304.8349 175.2130 3.90 1085
7548.81568 18.8385 0.0460 443.4585 191.8236 3.58 976
7548.83360 18.7431 0.0390 19.2668 177.7437 3.97 1076
7548.85076 18.6727 0.1066 -318.6813 503.1370 4.79 883
7548.87045 18.6979 0.2227 -195.4904 975.2663 5.53 751
7548.89370 18.6174 0.0553 -600.0188 280.9615 4.63 936
7549.68417 18.7717 0.0448 150.1792 198.6988 3.36 987
7549.70267 18.7162 0.0449 -107.5674 209.4992 2.98 953
7549.72361 18.6889 0.0319 -239.1376 153.5637 3.15 968
7549.74208 18.8145 0.0472 340.3037 200.7941 3.31 961
7549.75956 18.7339 0.0370 -23.8779 170.3928 3.72 1042
7549.78881 18.7299 0.0872 -42.7152 393.8390 3.39 1026
7549.79175 18.7908 0.0824 235.9271 352.7640 3.54 1027
7549.80735 18.7836 0.0378 203.7150 166.2943 3.45 1081
7549.82486 18.7832 0.0441 201.9409 193.6016 3.20 1074
7549.84232 18.8121 0.0421 329.6826 179.8848 3.91 1132
7549.84512 18.7831 0.0483 201.3982 211.4294 4.13 1073
7549.86168 18.7684 0.0434 135.3198 193.2185 3.41 1179
7549.88145 18.7587 0.0442 91.1496 198.2513 4.13 1139
7549.91094 18.8575 0.0547 523.5721 223.0176 4.46 1388
7550.57458 18.8088 0.0647 315.4280 274.6493 6.00 1369
7550.59315 18.7808 0.0571 191.3767 249.5021 5.77 1420
7550.61073 18.5733 0.0451 -834.8320 239.7416 5.51 1326
7550.62801 18.6493 0.0464 -436.1588 230.1133 4.54 1292
7550.65653 18.6986 0.0509 -191.9389 240.4583 5.16 1254
7550.67395 18.6781 0.0399 -291.8895 193.0836 4.26 1177
7550.69185 18.7256 0.0648 -62.6435 297.0426 5.48 1298
7550.77759 18.7327 0.0663 -29.5423 301.7856 4.78 1607
7550.79992 18.8070 0.0516 307.4039 220.5133 4.34 1697
7550.82837 18.8243 0.0538 382.5931 226.1099 4.14 1823
7550.84611 18.8797 0.0621 615.2819 247.2903 4.28 1931
7550.86364 18.7697 0.0529 141.3110 234.0896 4.30 1905
7550.88283 18.6270 0.0568 -550.2091 286.1927 4.46 2008
7550.90154 18.7848 0.0573 209.0769 249.6915 4.44 2144
7551.65775 18.7029 0.0416 -171.3806 196.8486 3.61 1267
7551.68829 18.6348 0.0720 -510.1932 357.7990 4.05 1273
7551.70712 18.7888 0.0709 226.8133 305.7879 3.25 1169
7551.72938 18.7326 0.0410 -30.0980 188.9396 3.27 1022
7551.74674 18.8510 0.1999 496.3175 767.7417 4.06 1186
7551.76396 18.4491 0.1827 -1549.7681 1024.2951 4.15 1150
7551.78206 18.7623 0.0626 107.3246 277.6361 3.34 1295
7554.55967 18.7749 0.0792 164.4796 344.5528 5.29 2419
7554.57883 18.5781 0.0424 -808.4915 224.7180 4.13 1517
7554.59822 18.7063 0.0490 -154.6657 230.4158 4.68 1443
7554.59974 18.6007 0.0439 -687.5588 227.8236 4.33 1397
7554.61724 18.7038 0.0424 -166.7107 200.4477 3.88 1457
7554.63487 18.6693 0.0433 -335.4902 211.1941 3.58 1703
7554.66433 18.6588 0.0386 -388.3111 190.4928 3.79 1505
7554.79290 18.6304 0.0624 -532.5589 312.7618 3.99 1444
7554.80994 18.7253 0.0496 -64.3727 229.0526 3.60 1213
7554.83015 18.8116 0.0745 327.2607 313.9545 4.12 1218
7554.85994 18.7661 0.1129 124.9512 487.5778 4.98 1352
7555.54676 18.6442 0.0421 -461.7386 210.0232 4.00 1803
7555.57143 18.6535 0.0430 -414.9581 212.6912 3.92 1689
7555.59105 18.6779 0.0462 -292.8416 222.8928 3.83 1573
7555.61079 18.7014 0.0514 -178.5523 242.5279 4.14 1520
7555.64178 18.7615 0.0495 104.0342 220.9701 3.47 1507
7555.65929 18.6380 0.0700 -493.8281 346.7865 3.59 1595
7555.66151 18.6647 0.0369 -358.5654 181.2230 3.48 1448
7555.68281 18.7137 0.0464 -119.4675 216.7418 4.38 1540
7555.70172 18.7416 0.0429 12.0655 195.6029 3.65 1400
7555.72216 18.5913 0.0549 -737.5334 285.9492 3.06 1462
7555.74025 18.7375 0.0451 -6.9061 206.3264 3.72 1360
7555.76813 18.7526 0.0411 63.0809 185.5186 3.29 1501
7555.78889 18.7150 0.0482 -113.1715 224.5874 3.59 1360
7555.81414 18.6437 0.0370 -464.3733 185.1668 3.52 1499
7555.83162 18.7521 0.0426 60.5254 192.5429 3.81 1477
7555.84958 18.6983 0.0457 -193.5873 216.5394 3.77 1315
7555.88583 18.6817 0.0414 -274.5680 199.7762 4.04 1358
7557.53582 18.5769 0.0486 -815.2255 257.3523 4.48 2705
7557.55484 18.6497 0.0542 -433.9192 267.9046 3.90 2449
7557.58439 18.5529 0.0357 -946.4894 194.6253 3.66 2076
7557.60190 18.6085 0.0375 -646.8674 193.8278 3.43 2025
7557.61918 18.6184 0.0484 -594.6239 246.4318 3.71 1968
7557.63702 18.6187 0.0361 -593.0051 185.0219 3.33 1876
7557.65425 18.5438 0.0390 -997.1946 213.9171 3.36 1904
7557.68417 18.6631 0.0445 -366.6609 218.0179 3.14 1908
7557.70437 18.5824 0.0386 -785.2674 204.1812 2.87 1896
7557.72361 18.5615 0.0423 -899.4084 227.9063 3.75 2216
7557.74184 18.5734 0.0420 -833.9796 223.5483 3.38 2313
7557.75898 18.6247 0.0469 -561.9267 237.5891 3.49 2352
7557.77694 18.6045 0.0441 -667.6049 228.1488 3.62 2314
7557.80720 18.6575 0.0491 -394.7068 241.1503 4.16 2202
7557.82464 18.5681 0.0459 -862.8495 245.3049 4.11 2244
7557.84269 18.6925 0.0498 -221.4851 236.7207 3.95 2263
7557.86341 18.6382 0.0516 -492.3357 257.8436 4.20 2464
7557.88232 18.7141 0.0548 -117.6144 254.8633 4.70 2480
7558.69695 18.4857 0.0373 -1330.2035 215.7331 3.68 2541
7561.56268 18.3927 0.0369 -1902.0122 232.6658 3.92 2744
7561.68649 18.4337 0.0391 -1643.8564 237.1266 3.92 2150
7561.70762 18.4413 0.0355 -1597.2657 214.1161 3.73 2009
7561.72607 18.3754 0.0324 -2013.7954 207.8782 3.58 1945
7561.74328 18.3647 0.0320 -2084.1236 207.6224 3.53 2008
7561.76064 18.4137 0.0408 -1768.3949 251.7445 3.81 2166
7561.77832 18.6171 0.0553 -601.7214 281.1353 3.84 2391
7561.86706 18.4002 0.0635 -1854.3167 392.7899 5.79 2985
7562.51311 18.2796 0.0362 -2666.8058 253.5152 4.84 1671
7562.53058 18.4147 0.0509 -1762.5443 312.7359 5.70 2716
7562.56180 18.4238 0.0474 -1705.4027 288.9378 5.61 2481
7566.56238 17.5923 0.0187 -9494.4730 248.6886 4.43 1614
7566.58347 17.5085 0.0162 -10662.6495 233.3987 3.94 1590
7566.60080 17.6422 0.0193 -8840.4900 244.8393 4.81 1416
7566.62143 17.5176 0.0171 -10531.8706 243.2421 4.92 1291
7566.64119 17.5519 0.0166 -10045.8126 229.4916 3.91 1282
7566.67386 17.5450 0.0140 -10142.5715 195.4831 3.49 1055
7566.69400 17.4990 0.0186 -10801.1240 268.9885 3.15 1016
7566.71126 17.4898 0.0238 -10936.1191 346.5286 3.03 1221
7566.73441 17.4735 0.0164 -11177.4948 242.9861 3.44 1254
7566.75173 17.4845 0.0153 -11013.9011 224.3945 3.47 1346
7566.76949 17.5120 0.0182 -10611.1790 261.0066 4.30 1443
7566.80196 17.4488 0.0159 -11551.6634 241.1770 3.57 1535
7566.82005 17.4779 0.0167 -11111.4131 246.2204 4.46 1707
7566.83736 17.4571 0.0172 -11424.0823 259.3866 5.08 1839
7566.85483 17.4557 0.0174 -11445.4072 261.9138 4.63 1936
7567.51251 17.1182 0.0143 -17464.5170 295.7027 5.82 1853
7567.53094 17.0570 0.0159 -18771.3332 347.4766 5.38 1853
7567.54833 17.0741 0.0131 -18399.3746 281.1478 4.71 1891
7567.57639 17.0352 0.0128 -19255.0011 285.0936 4.03 1762
7567.59965 17.0214 0.0108 -19564.7269 244.1730 3.72 1505
7567.62386 17.0359 0.0122 -19238.8604 272.0108 3.96 1564
7567.64163 16.9797 0.0109 -20531.1720 256.7982 3.17 1472
7567.65977 16.9799 0.0101 -20525.4561 237.8629 3.60 1616
7567.67981 16.9750 0.0159 -20640.4980 374.0483 3.45 1625
7567.71074 16.9239 0.0147 -21879.0602 361.1327 3.52 1623
7567.72807 16.9228 0.0110 -21908.1831 272.5580 3.77 1525
7567.74690 16.8863 0.0108 -22828.6621 275.3970 3.43 1456
7567.76786 16.9346 0.0102 -21616.7015 249.9901 4.30 1531
7567.78559 16.8949 0.0099 -22607.8444 251.6310 3.85 1605
7567.81349 16.8663 0.0100 -23348.9204 261.7252 4.03 1608
7567.83776 16.8374 0.0104 -24114.2219 277.3379 4.57 1721
7567.85970 16.8611 0.0109 -23483.7083 284.9742 4.92 2075
7568.51773 16.2377 0.0071 -45626.1485 329.7361 5.62 1545
7568.53579 16.2031 0.0067 -47269.2270 324.2349 4.98 1557
7568.53728 16.2059 0.0067 -47134.9854 322.5789 4.70 1413
7568.55425 16.2046 0.0053 -47193.7867 255.5810 4.42 1289
7568.58270 16.1735 0.0057 -48714.9810 281.7675 4.45 1235
7568.59983 16.1692 0.0070 -48925.6987 348.7011 3.69 1220
7568.62014 16.1617 0.0060 -49300.9807 299.5009 4.15 1226
7568.63774 16.1588 0.0052 -49449.4763 262.4232 4.05 1122
7568.65507 16.1520 0.0058 -49791.4170 290.8701 4.64 1204
7568.68684 16.1227 0.0053 -51288.7466 275.0938 4.72 1092
7568.70665 16.1296 0.0062 -50934.8089 319.5817 4.58 1205
7568.72450 16.1324 0.0064 -50790.2959 328.5502 4.43 1210
7568.74233 16.1252 0.0064 -51159.9393 331.9819 5.41 1305
7568.76039 16.1214 0.0055 -51358.0255 286.2961 4.26 1273
7568.78190 16.1260 0.0056 -51120.7834 286.4902 4.46 1341
7568.81778 16.1360 0.0062 -50604.1509 317.6090 5.49 1453
7568.83516 16.1384 0.0062 -50479.8261 315.3777 5.39 1518
7568.85297 16.1272 0.0063 -51057.6738 323.5204 6.27 1635
7569.51913 16.6952 0.0104 -28198.4144 316.4232 5.55 1532
7569.54084 16.7159 0.0086 -27567.3497 258.2157 4.77 1476
7569.55932 16.7347 0.0096 -27007.9931 283.0315 5.77 1383
7569.59837 16.7554 0.0141 -26404.2081 406.6221 3.84 1274
7569.61659 16.7394 0.0118 -26869.8694 344.6328 3.45 1205
7569.63595 16.7642 0.0093 -26150.1035 266.6382 3.83 1234
7569.65358 16.7720 0.0113 -25925.9191 319.9625 3.32 1313
7569.67234 16.8333 0.0108 -24224.5506 289.6502 4.17 1365
7569.70143 16.8619 0.0101 -23463.6504 265.2204 4.58 1339
7569.71933 16.8610 0.0099 -23486.2418 259.3821 3.93 1262
7569.73729 16.8224 0.0116 -24518.8547 314.7302 2.99 1186
7569.75511 16.8926 0.0096 -22666.9426 244.6917 3.68 1311
7569.77336 16.8760 0.0124 -23094.2464 320.6580 3.87 1396
7569.79126 16.9305 0.0112 -21715.2192 275.4159 4.61 1487
7569.82029 16.9693 0.0129 -20777.5016 304.4750 4.70 1655
7569.84025 17.0050 0.0191 -19941.3331 435.3198 6.38 1780
7570.53280 17.2598 0.0558 -14711.3098 989.7426 5.65 1071
7570.57926 17.4573 0.0688 -11422.3864 1012.0434 5.31 1116
7570.60197 17.0871 0.3318 -18120.4089 6105.2862 6.10 756
7570.64162 17.4793 0.0960 -11090.8942 1366.4537 4.54 933
7570.66107 17.2618 0.2318 -14674.0715 3793.6253 3.38 789
7570.68230 17.2894 0.0634 -14178.3852 1091.3961 4.32 985
7570.70016 17.4071 0.0226 -12201.9996 355.7021 2.90 1137
7570.71730 17.4384 0.0211 -11711.7514 323.1262 2.99 1063
7570.74557 17.4439 0.0823 -11626.9666 1218.6116 3.13 919
7570.76277 17.5837 0.3588 -9609.9574 4128.9985 3.22 777
7570.78168 18.4430 0.5215 -1586.5947 2536.1223 4.33 816
7570.80265 17.5191 0.0201 -10509.4936 285.4264 3.65 1182
7570.83605 17.5152 0.0160 -10566.1366 228.5825 4.62 1236
7575.54647 18.3238 0.0330 -2358.0621 222.4676 4.86 1194
7575.56393 18.5176 0.0351 -1144.9567 197.3206 3.64 1190
7575.58153 18.3622 0.0312 -2100.6673 203.0111 4.14 1119
7575.59922 18.3208 0.0310 -2378.5940 209.4504 4.47 1023
7575.61680 18.3738 0.0470 -2024.5213 300.3629 3.73 660
7575.63932 18.1547 0.1669 -3609.4888 1235.6487 4.17 244
7575.64326 18.4223 0.0318 -1714.4989 195.4365 3.62 1138
7575.68381 18.3677 0.0306 -2064.1496 198.1855 3.50 994
7575.70942 18.3706 0.0295 -2044.9930 190.3776 2.80 999
7575.72874 18.3893 0.0267 -1923.7606 169.8305 3.06 1026
7575.75154 18.4478 0.0383 -1557.6971 229.3118 3.34 1266
7575.75293 18.3910 0.0260 -1912.9693 165.1461 3.43 1072
7575.77095 18.3751 0.0296 -2015.6319 190.6445 3.39 1060
7575.79965 18.4364 0.0289 -1627.2558 176.0078 3.45 1144
7575.81969 18.4549 0.0336 -1514.5578 200.5413 3.90 1274
7575.83948 18.4194 0.0314 -1733.1473 193.9685 3.94 1373
7576.47363 18.4035 0.0449 -1833.0707 279.4975 5.90 1696
7576.49243 18.4084 0.0396 -1802.0564 246.0544 5.35 1465
7576.51025 18.3974 0.0371 -1872.1130 232.7241 5.30 1377
7576.53978 18.3682 0.0429 -2061.2203 276.1236 4.68 1324
7576.55939 18.4598 0.0335 -1484.4654 198.7926 4.18 1160
7576.57725 18.4853 0.0321 -1332.6808 186.3528 4.06 1163
7576.64899 18.4522 0.0288 -1530.4205 172.7295 3.44 1160
7576.66924 18.4482 0.0307 -1554.7535 184.5848 3.91 1074
7576.69756 18.5094 0.0343 -1192.3782 194.6844 4.07 1119
7576.70061 18.5218 0.0325 -1120.9730 182.1932 3.78 1082
7576.71736 18.5422 0.0351 -1005.8632 193.2652 4.03 1106
7576.73491 18.5016 0.0356 -1237.1871 203.3925 4.01 1000
7576.75301 18.4750 0.0304 -1393.7549 177.9926 3.85 1077
7576.77071 18.5042 0.0304 -1222.5107 173.7254 3.68 1027
7576.78775 18.4906 0.0354 -1301.4878 203.8877 3.99 1088
7576.81666 18.4558 0.0380 -1509.0655 226.1302 5.00 1185
7584.51016 18.7760 0.0778 169.7558 338.4984 5.77 1850
7584.52758 18.6371 0.0624 -498.2235 310.3984 6.19 1798
7584.54548 18.6062 0.0491 -658.7819 252.8214 4.88 1682
7584.56301 18.6971 0.0565 -199.1295 266.9554 5.77 1738
7584.58062 18.6194 0.0619 -589.3789 313.1753 4.50 1703
7584.61018 18.5645 0.0461 -882.9629 247.3692 5.39 1600
7584.63190 18.6710 0.0427 -327.4332 208.0078 4.01 1553
7584.65110 18.7033 0.0463 -169.4292 218.4968 4.10 1576
7584.66866 18.6518 0.0427 -423.4393 211.4026 3.95 1639
7584.68640 18.8122 0.0519 329.9124 220.9824 4.29 1559
7584.72094 18.7347 0.0575 -19.8643 262.1908 4.98 1581
7584.74132 18.6830 0.0489 -267.8092 234.8983 4.68 1536
7584.75903 18.7636 0.0510 113.4820 227.1361 4.53 1553
7584.77885 18.7472 0.0579 37.9065 260.8093 5.53 1704
7584.82153 18.7904 0.0599 234.0355 259.1172 5.59 1611
7585.49762 18.7379 0.0536 -5.1161 243.9200 4.08 2512
7585.51538 18.7143 0.0631 -116.2963 292.3834 4.64 2511
7585.53383 18.6998 0.0469 -186.1097 222.0427 3.82 2206
7585.55148 18.7520 0.0539 60.3351 242.2745 4.01 2270
7585.57059 18.7616 0.0444 104.4244 198.5255 3.48 1943
7585.58779 18.6576 0.0480 -394.3644 235.8116 4.27 1969
7585.61789 18.7681 0.0572 134.0564 253.0011 4.37 1722
7585.64244 18.7566 0.0591 81.1896 264.0639 4.52 1932
7585.66108 18.6636 0.0563 -363.9624 274.3231 4.39 2326
7585.67886 18.8311 0.0665 411.6627 276.4812 4.54 2484
7585.69798 18.8829 0.0586 628.4409 232.9553 3.96 2365
7589.74859 19.0576 0.0833 1287.6911 278.8604 4.67 2802
7589.79109 18.8896 0.0798 655.8810 312.3403 5.20 2996
7590.49060 18.7373 0.0557 -7.9358 253.5996 4.11 2212
7590.50819 18.8349 0.0593 427.8338 246.5604 4.69 2184
7590.54944 18.7654 0.0496 121.6339 220.8255 3.87 1991
7590.58481 18.7330 0.0515 -28.1991 235.6699 4.14 2437
7590.60292 18.7947 0.0526 253.1984 227.4081 3.49 2345
7590.62459 18.8616 0.0547 540.5460 222.3166 4.03 2068
7590.65351 18.8754 0.0610 597.7454 243.9685 4.21 1705
7590.67102 18.9176 0.0519 767.7770 200.5079 3.84 1758
7590.68845 18.8665 0.0693 560.7993 278.4285 3.70 2691
7590.74628 18.8774 0.0812 605.8039 321.0556 4.36 2752
7591.49843 18.7002 0.0376 -184.3092 178.6262 3.56 1392
7591.51588 18.6562 0.0576 -401.3037 282.3313 3.66 1526
7591.53491 18.6951 0.0475 -209.0020 225.6998 3.33 1528
7591.55233 18.6765 0.0377 -299.9137 183.1048 3.36 1473
7591.57004 18.7941 0.0428 250.3307 186.1927 3.68 1537
7591.59929 18.8677 0.0604 565.9324 243.2684 3.47 1610
7591.61769 18.7624 0.0422 108.0084 188.9580 3.61 1449
7591.64496 18.8451 0.0502 471.5087 207.3667 3.93 1552
7591.66248 18.9705 0.0623 972.1702 228.0649 4.70 1529
7591.68003 18.8827 0.0514 627.8266 205.0295 4.17 1516
7591.72799 18.7703 0.0593 143.8349 261.4051 4.36 2435
7591.74579 18.9728 0.0858 980.8758 310.2161 5.63 2691
7593.49991 18.8049 0.0395 298.2877 170.1958 3.55 1160
7593.52860 18.7343 0.0351 -21.9238 161.6410 3.57 1137
7593.54611 18.6520 0.0401 -422.2089 198.7626 3.06 1154
7593.56463 18.6740 0.0848 -312.1625 403.9737 4.84 1138
7593.58287 18.5703 0.0681 -851.2205 359.3908 4.56 1090
7593.60144 18.8135 0.1573 335.7931 637.6353 4.94 1360
7593.62012 18.6370 0.0625 -498.8219 310.9941 5.95 1333
7593.65021 18.7970 0.0562 263.1437 242.0879 4.69 1465
7593.66767 18.6846 0.0706 -260.0174 335.1551 4.49 1864
7593.68527 18.7877 0.0426 222.2919 186.4587 2.97 1005
7593.78613 18.5746 0.0557 -827.7944 294.3766 5.75 1660
7595.51282 18.5186 0.0540 -1139.4041 300.7066 6.40 1322
7595.57915 18.7822 0.0572 197.2967 249.7460 5.51 1278
7595.62232 18.6872 0.0434 -247.2210 208.0166 4.41 1216
7595.64143 18.8445 0.0599 468.9666 246.7556 5.95 1276
7595.68825 18.8222 0.0508 373.5012 214.2198 4.86 1195
7595.70593 18.8400 0.0589 449.5233 243.7443 4.32 1277
7595.72451 18.7757 0.0513 168.1943 225.8806 5.29 1384
7595.74331 18.5196 0.0531 -1133.9170 295.7225 5.95 1276
7596.50791 18.7610 0.0792 101.4269 348.9068 4.60 1295
7596.52585 18.5743 0.0663 -829.0645 349.1453 4.53 1312
7596.54323 18.7015 0.0733 -177.9441 342.0181 4.17 1335
7596.56124 18.5585 0.1433 -915.4461 739.3373 4.35 1226
7596.58085 18.7373 0.1303 -7.8883 573.6302 4.29 1199
7597.47703 18.5702 0.0917 -851.5964 478.9965 4.46 1606
7597.51446 18.7487 0.0525 45.2184 236.7057 3.29 1383
7597.53205 18.7574 0.0708 85.0555 314.2067 3.43 1345
7597.54966 18.8190 0.0745 359.4666 312.0908 3.09 1296
7597.56787 18.7686 0.0409 135.9790 182.3585 3.33 1245
7597.58573 18.7875 0.1137 221.3578 481.3272 3.27 1127
7597.61600 18.6761 0.0547 -301.8218 263.4958 3.19 1161
7597.63314 18.8454 0.0783 472.5534 319.2721 3.37 1160
7597.65086 18.7216 0.0533 -81.5786 246.4298 2.87 1114
7597.67132 18.7386 0.0626 -1.8465 283.9769 2.93 1029
7597.69022 18.9700 0.0868 970.3476 314.5586 3.65 1077
7597.71894 18.8191 0.0805 360.1679 335.9240 3.92 1058
7597.73701 18.7117 0.0551 -128.8498 256.8167 3.62 1250
7597.75612 18.8145 0.0538 339.9577 228.2034 3.99 1229
7597.77483 18.9949 0.0771 1063.2599 274.0627 4.29 1270
7598.48694 18.6606 0.0702 -379.1150 340.6450 3.82 1476
7598.50627 18.5687 0.0488 -859.8273 260.3166 3.73 1390
7598.52373 18.7869 0.0679 218.6560 293.6732 3.14 1351
7598.55353 18.6797 0.1222 -284.2239 569.1689 2.98 1241
7598.57280 18.7998 0.0370 275.5145 160.4053 2.68 1118
7598.59366 18.7720 0.0760 151.5031 332.0820 3.25 1229
7598.61227 18.7612 0.0447 102.3791 199.9208 3.32 1121
7598.62975 18.7674 0.1165 130.9238 501.9375 3.16 1119
7598.65007 18.6259 0.1828 -555.8859 870.8176 4.18 1070
7598.68052 19.0293 0.0945 1187.8898 322.8561 3.54 1190
7598.69853 18.7642 0.0763 116.2763 335.8567 3.75 1084
7598.71683 18.7735 0.0735 158.1268 320.9304 3.40 1100
7598.74131 18.9531 0.1177 906.2063 426.8880 5.09 1192
7598.75874 18.4822 0.0714 -1350.7689 408.3440 5.57 1187
7599.50881 18.7576 0.0384 85.9536 172.7601 3.58 1296
7599.52800 18.7891 0.0350 228.4627 153.5577 3.26 1294
7599.54535 18.6903 0.0390 -232.0604 186.6373 2.95 1119
7599.56249 18.8005 0.0335 278.9002 145.5507 2.72 1159
7599.58031 18.6896 0.0368 -235.8264 176.7611 2.53 1093
7599.61398 18.7494 0.0424 48.2057 192.0640 2.59 1087
7599.63299 18.6713 0.0504 -325.5972 244.1845 2.94 1103
7599.65094 18.6294 0.0509 -537.7769 256.7224 3.02 1035
7599.66840 18.7654 0.0361 121.7572 161.3800 3.37 1115
7599.68936 18.7415 0.0353 11.7033 161.5303 3.30 1102
7599.71958 18.8748 0.0485 595.3158 195.1449 3.86 1098
7599.73861 18.8662 0.0436 559.6468 177.0606 3.71 1167
7599.75955 18.7881 0.0429 223.8121 187.5338 3.68 1111
7599.77686 18.7994 0.0479 273.9961 206.5131 4.04 1202
7600.49460 18.7002 0.0421 -184.2632 199.6314 3.19 1265
7600.51382 18.6817 0.0346 -274.5820 167.5101 3.03 1177
7600.53159 18.7273 0.0366 -55.0581 169.4423 2.47 1139
7600.55104 18.7432 0.0471 19.4320 214.2123 2.88 1195
7600.58142 18.7148 0.0342 -114.0240 160.3202 2.80 1111
7600.60397 18.6802 0.0463 -281.9875 223.2887 2.74 1110
7600.62750 18.7204 0.0565 -87.4964 261.1742 2.80 1217
7600.64626 18.8271 0.0706 394.6680 293.7487 3.13 1223
7600.66520 18.8194 0.0902 361.1619 374.9160 3.22 1158
7600.71082 18.8763 0.1246 601.5504 483.6660 3.08 1110
7600.73421 19.0080 0.0857 1111.0873 300.0487 3.47 1273
7600.75292 18.7837 0.1721 204.2874 712.1605 4.17 1193
7600.77171 18.7446 0.5797 26.2762 2083.6380 5.00 1066
7601.49750 18.7853 0.0630 211.5389 273.6098 3.76 1382
7601.51518 18.7147 0.0498 -114.7057 231.9170 3.65 1241
7601.53299 18.6753 0.2352 -305.7511 1045.8411 3.89 1228
7601.56168 18.7992 0.0380 273.0144 164.8349 3.23 1155
7601.58885 18.8021 0.0569 285.9762 244.0295 3.32 1235
7601.60660 18.7646 0.0358 117.8628 160.3129 3.13 1107
7601.62407 18.7764 0.0482 171.3132 212.4583 3.51 1223
7601.64325 18.8644 0.0686 552.0479 276.0264 3.49 1160
7601.66064 18.7821 0.1186 196.9325 503.5961 4.11 1010
7601.68952 18.8552 0.0394 513.7478 162.0708 3.57 935
7601.70730 18.7884 0.0390 224.9861 170.7315 3.67 948
7601.72488 18.8124 0.1320 331.0879 541.5934 3.77 1026
7601.74248 18.8442 0.0634 467.5016 260.6336 3.78 1097
7601.75414 18.7283 0.0660 -49.9137 301.5664 4.19 1143
7602.48535 18.8505 0.0515 494.2293 211.7943 4.35 1339
7602.50307 18.7966 0.0491 261.5037 212.3230 4.47 1398
7602.53160 18.8954 0.0487 679.1901 192.1616 3.45 1343
7602.54939 18.7085 0.0330 -144.2663 155.9021 2.98 1192
7602.56700 18.7397 0.0344 3.2000 157.7792 3.13 1235
7602.58649 18.8029 0.0506 289.1903 217.2389 3.95 1213
7602.60771 18.7840 0.0402 205.6023 176.4547 3.82 1096
7602.63710 18.7911 0.0473 237.3896 205.6588 3.41 1115
7602.65483 18.8066 0.0436 305.7445 187.2660 3.39 1181
7602.68109 18.7945 0.0446 252.3268 193.4993 3.64 1143
7602.70050 18.8215 0.0422 370.2389 178.8149 3.76 1138
7602.71688 18.7808 0.0444 191.3417 195.2977 4.01 1264
7602.75336 18.7711 0.0458 147.6248 202.9269 3.97 1335
7603.48634 18.6789 0.0565 -288.2744 271.5306 4.31 1357
7603.48780 18.8852 0.0530 637.8147 210.7876 4.21 1191
7603.50532 18.7514 0.0367 57.4582 166.3269 3.41 1150
7603.52313 18.7832 0.0358 201.9472 157.4994 2.94 1065
7603.54083 18.7656 0.0424 122.7172 189.1771 3.02 997
7603.55866 18.6892 0.0346 -237.5539 166.4124 3.10 1046
7603.57620 18.7556 0.0342 76.8917 154.7598 3.21 1019
7603.60618 18.7779 0.0623 178.0024 272.3179 3.11 1019
7603.62382 18.8352 0.0430 429.2042 179.7282 2.94 1030
7603.64151 18.7842 0.0432 206.4108 189.2635 3.00 971
7603.65903 18.7497 0.0315 49.4815 143.4891 3.06 947
7603.67835 18.7468 0.0364 36.2103 165.8334 3.18 1005
7603.70653 18.7659 0.0390 123.8039 174.2099 3.65 977
7603.72413 18.8281 0.0415 399.0947 174.9842 4.03 1017
7603.75149 18.9459 0.0505 878.3972 190.1513 3.82 1052
7605.49629 18.7436 0.0358 21.3508 163.3026 3.33 1081
7605.51379 18.6796 0.0369 -284.4762 178.5753 3.02 1063
7605.53128 18.6940 0.0335 -214.1954 160.1740 3.20 1010
7605.54858 18.7193 0.0391 -92.5560 182.3489 2.56 1058
7605.56913 18.7402 0.0304 5.4058 139.7027 2.85 997
7605.59855 18.7307 0.0378 -39.0694 174.7626 2.95 1062
7605.61728 18.7282 0.0392 -50.6263 181.4013 3.67 1152
7605.63522 18.7315 0.0353 -34.9262 163.0891 3.20 1087
7605.65288 18.8017 0.0415 284.1732 179.0868 3.05 1171
7605.67093 18.7875 0.0404 221.2827 176.9172 3.04 1079
7605.69937 18.7915 0.0424 239.1033 184.6758 3.92 1122
7605.71691 18.9010 0.0478 701.8029 187.8771 3.60 1111
7605.73445 18.8804 0.0489 618.2998 195.9243 3.76 1259
7605.74616 18.8482 0.0500 484.5492 205.9607 4.25 1287
7606.46987 18.8236 0.0575 379.6875 241.6483 4.42 2213
7606.48753 18.7761 0.0429 169.9697 189.3885 3.47 1258
7606.50517 18.7427 0.0371 17.2467 169.6957 3.44 1261
7606.53528 18.7499 0.0379 50.4859 171.8218 3.35 1223
7606.55292 18.8125 0.0443 331.2220 189.2220 3.55 1087
7606.57234 18.7336 0.0317 -25.2330 146.2551 2.83 1056
7606.59147 18.7328 0.0315 -29.1663 145.7182 2.99 1019
7606.59934 18.7010 0.0337 -180.4815 160.3917 3.38 1030
7606.62059 18.8320 0.0511 415.4408 213.5579 4.41 1142
7606.63805 18.8297 0.0479 405.6316 200.8874 4.54 1065
7606.66761 18.8389 0.0448 444.8806 186.6763 4.19 1029
7606.68494 18.7055 0.0458 -158.7365 215.8585 5.01 1145
7606.70264 18.7502 0.0432 51.7280 195.6925 4.41 1111
7606.72000 18.8375 0.0516 438.8966 214.7198 5.04 1209
7606.73787 18.7593 0.0440 94.0028 197.3577 4.10 1094
7606.75804 18.8774 0.0619 605.7322 246.8738 5.37 1352
7607.49814 18.7585 0.0331 90.3086 149.2584 2.91 1228
7607.51743 18.7338 0.0458 -24.3474 210.0335 3.44 1221
7607.53502 18.7445 0.0351 25.4839 160.1658 3.18 1237
7607.55324 18.7045 0.0382 -163.3465 180.4902 2.79 1169
7607.56287 18.7978 0.0407 266.8180 176.6024 3.03 1171
7607.58013 18.8213 0.0437 369.6519 185.3498 3.60 1075
7607.60966 18.7383 0.0372 -3.2492 170.4375 3.20 943
7607.62765 18.7604 0.0541 98.7027 241.2839 2.89 931
7607.64568 18.7852 0.0385 211.0428 168.9065 3.85 1006
7607.66412 18.8348 0.0408 427.6668 170.8011 3.98 949
7607.68189 18.9901 0.0542 1045.2811 195.5459 4.49 1009
7607.71045 18.7515 0.0472 58.1618 213.0719 4.71 1107
7607.72809 18.8303 0.0446 408.2471 187.4221 4.44 1007
7607.73848 18.8927 0.0474 668.1903 187.7374 4.39 1016
7608.46953 18.8030 0.0532 290.0067 228.3728 4.11 2391
7608.48707 18.8772 0.0441 605.0547 177.4173 3.59 1151
7608.50717 18.7802 0.0395 188.4562 173.9407 3.49 1158
7608.52443 18.8215 0.0395 370.5494 167.6391 3.68 1158
7608.54432 18.7198 0.0385 -90.1353 179.6764 3.10 1129
7608.57719 18.8486 0.0468 486.3176 192.9887 3.69 1056
7608.59807 18.8281 0.0443 398.7906 186.3293 3.80 1177
7608.61709 18.8265 0.0422 392.0810 177.8728 3.69 1065
7608.63566 18.9229 0.0466 788.9758 179.3692 3.77 1139
7608.65351 18.8999 0.0453 697.1996 178.4823 3.74 1059
7608.69678 18.7701 0.0460 143.0439 204.1725 4.02 1073
7608.71534 18.9415 0.0492 861.2741 186.2147 4.03 1062
7608.73365 18.8927 0.0505 668.4525 199.7001 4.10 1210
7608.75337 18.7558 0.0462 77.6382 207.5292 4.33 1289
7609.46982 18.7161 0.0483 -108.0580 224.7721 3.65 2522
7609.48886 18.7346 0.0368 -20.5120 169.4003 3.64 1332
7609.50638 18.7369 0.0327 -9.6608 150.4521 3.01 1274
7609.54449 18.8287 0.0533 401.5256 223.1706 3.04 1256
7609.56333 18.7923 0.0416 242.6430 181.3769 2.81 1163
7609.58831 18.7689 0.0358 137.3976 159.9787 3.26 1096
7609.60613 18.7675 0.0398 131.3456 177.7070 3.34 1135
7609.62871 18.8100 0.0526 320.4003 224.1759 3.10 1161
7609.64727 18.8573 0.0425 522.8325 174.1064 3.52 1050
7609.67800 18.8680 0.0502 567.0125 203.0101 3.80 1069
7609.69564 18.7651 0.0429 120.1949 191.4188 3.96 1093
7609.71665 18.9495 0.0491 892.2579 184.5014 3.60 1098
7609.74427 18.8587 0.0485 528.3312 197.9414 3.75 1310
7610.47432 18.8070 0.0478 307.2395 204.6194 3.51 1617
7610.49371 18.7009 0.0543 -180.9716 255.7167 3.15 1712
7610.52208 18.6794 0.0522 -285.7613 251.2235 3.03 1169
7610.53948 18.7416 0.0479 12.2444 217.7906 3.30 1198
7610.55917 18.8176 0.0458 353.3540 194.6787 3.13 1229
7610.58694 18.9072 0.0481 726.7789 187.8175 3.76 1271
7610.61015 18.7903 0.0450 233.8424 196.0898 3.83 1235
7610.64183 18.8447 0.0556 469.7251 229.4762 4.02 1319
7610.65977 18.8216 0.0430 371.0839 182.0356 3.63 1274
7610.67751 18.9362 0.0580 840.9132 219.7274 4.32 1330
7610.69506 18.8178 0.0558 354.5066 235.8509 4.15 1388
7610.71308 18.8103 0.0572 321.5800 243.2973 4.03 1035
7610.73714 18.8042 0.0499 294.9845 214.3248 4.18 1439
7611.48942 18.8085 0.0858 313.9439 360.6909 4.18 2120
7611.58374 18.7135 0.0677 -120.1055 313.2993 3.83 2232
7611.60310 18.6935 0.0891 -216.7387 416.1848 4.17 2408
7611.62145 18.8023 0.0443 286.7149 191.0181 3.67 1264
7611.63951 18.8067 0.0417 306.1547 179.1448 3.64 1211
7611.65758 18.8369 0.0463 436.4865 193.3130 4.01 1338
7611.68936 18.8713 0.0549 580.6459 221.0811 4.69 1392
7611.70983 18.7068 0.0494 -152.5183 232.0443 5.27 1459
7611.73630 18.7397 0.0446 3.1036 203.6147 4.27 1316
7612.47352 18.8045 0.0506 296.2413 217.0049 4.02 1785
7612.49080 18.6758 0.0643 -303.2481 308.5113 4.01 2654
7612.53736 18.8454 0.0512 472.4437 211.2517 3.42 1411
7612.55537 18.7982 0.0401 268.8276 173.8835 3.02 1457
7612.57567 18.7586 0.0472 90.5440 211.7311 4.14 1570
7612.59451 18.8547 0.0545 511.6795 222.9085 4.33 1518
7612.61365 18.7608 0.0473 100.6718 211.5720 4.23 1510
7612.64289 18.8258 0.0498 389.0792 209.3306 4.14 1548
7612.66066 18.8245 0.0497 383.2737 209.5875 4.26 1574
7612.67825 19.0204 0.0660 1156.1117 230.5794 4.76 1562
7612.69612 18.8458 0.0578 474.2740 237.8930 4.31 1537
7612.71412 18.6799 0.0533 -283.0939 256.0760 4.51 1551
7612.73297 18.9448 0.0619 874.3261 232.2106 4.97 1473
7613.49282 18.8054 0.0497 300.2676 212.9745 3.85 2325
7613.51162 18.7338 0.0490 -24.3578 224.2872 3.55 2051
7613.53455 18.8246 0.0509 383.6379 214.4761 3.42 2111
7613.55383 18.6995 0.0422 -187.6904 200.2196 2.95 2087
7613.57274 18.7551 0.0499 74.5155 224.1709 3.85 2297
7613.59141 18.8804 0.0621 618.4211 247.1745 3.96 2509
7613.62123 18.8215 0.0729 370.2402 304.8061 3.45 2621
7613.63858 18.6700 0.0549 -332.4111 265.7982 5.00 2270
7613.65658 18.8134 0.0722 335.2662 304.1276 5.37 2638
7613.67418 18.8212 0.0621 369.3617 261.0142 4.65 2492
7613.69225 18.8996 0.0686 696.1147 267.5412 4.91 2622
7613.72068 18.9161 0.0792 761.8906 302.4069 4.15 2773
7613.73803 18.8631 0.0788 546.7153 316.3055 6.17 2915
7614.50437 18.8035 0.0590 291.9944 252.4973 4.17 2928
7615.64384 18.7266 0.0708 -58.3777 323.2505 6.07 2606
7616.48502 18.7824 0.0577 198.6016 251.7944 4.11 2719
7616.50242 18.8547 0.0625 511.7919 254.5103 4.43 2494
7616.52461 18.9319 0.0674 824.1831 254.9521 4.70 2604
7616.55397 18.8497 0.0562 490.8208 230.4992 4.13 2030
7616.57138 18.8390 0.0474 445.6237 197.4399 3.09 1874
7616.58901 18.7180 0.0423 -98.8604 197.2532 3.01 1876
7616.59933 18.7503 0.0509 52.2672 229.5443 3.16 1934
7616.61762 18.8997 0.0869 696.5639 335.9994 3.08 1823
7616.63506 18.8859 0.0795 640.7088 312.3748 3.39 1884
7616.66518 18.8202 0.0537 364.9566 226.7136 3.21 2109
7616.68334 18.7716 0.0493 149.6705 217.9061 3.67 2096
7616.70097 18.7596 0.0593 94.9617 264.1931 4.50 2326
7616.71281 18.8785 0.0595 610.2562 237.4288 3.85 2432
7617.47850 18.7970 0.0505 263.2558 218.0039 3.93 2294
7617.51371 18.6504 0.0642 -430.3362 315.4766 3.29 1743
7617.55999 18.6903 0.0379 -232.4740 181.8479 3.02 1853
7617.57793 18.6615 0.0342 -374.6516 168.5155 3.18 1780
7617.59586 18.7566 0.0581 81.5150 259.4332 3.21 1887
7617.61489 18.8964 0.0671 683.1552 262.5841 2.95 1913
7617.63263 18.8008 0.0545 280.3429 234.2950 2.98 1780
7617.67678 18.8119 0.0477 328.8437 203.4383 3.64 2024
7617.69443 18.8948 0.0558 676.7662 219.8558 3.70 2086
7617.71192 18.7094 0.0507 -139.7771 237.2737 4.20 2303
7618.47424 18.8298 0.0531 406.1697 222.3493 3.49 2557
7618.49201 18.7658 0.0392 123.4923 175.1086 3.09 1947
7618.50955 18.7513 0.0359 57.1613 162.6992 2.89 1865
7618.52757 18.7359 0.0401 -14.4398 184.1220 3.31 1836
7618.55778 18.7394 0.0472 1.9595 215.3052 3.35 1829
7618.57590 18.8240 0.0640 381.2371 267.9305 2.71 1924
7618.59346 18.7356 0.0380 -15.8491 174.4793 2.95 1878
7618.61105 18.6878 0.0391 -244.3043 187.6756 3.22 1804
7618.62869 18.8468 0.0570 478.3475 234.4124 3.26 1855
7618.64724 18.8903 0.0596 658.6705 235.2859 4.00 2099
7618.67569 18.7408 0.0489 8.2343 222.7105 3.17 2196
7618.69338 18.7142 0.0501 -117.1124 233.4711 3.69 2436
7618.70674 18.7640 0.0683 115.2492 301.5713 3.96 2483
7619.48405 18.7377 0.0434 -5.9742 198.8426 3.67 1673
7619.50215 18.7942 0.0451 251.1537 195.8101 3.56 1568
7619.52394 18.7379 0.0514 -5.2067 234.5350 4.54 1693
7619.55460 18.6916 0.0528 -225.8825 250.9389 5.29 1625
7619.62671 18.8699 0.0785 574.9955 312.8388 6.09 1693
7619.65721 18.7419 0.0539 13.4162 244.6210 4.89 1717
7619.67493 18.8094 0.0572 317.8577 243.5381 4.71 1716
7619.69308 18.6957 0.0563 -205.7967 266.2021 5.67 1858
7620.48345 18.7190 0.0573 -94.1797 265.0380 5.99 1302
7620.50118 18.6759 0.0574 -302.8157 276.1351 6.27 1365
7620.54935 18.7637 0.0613 113.6952 271.5714 6.01 1422
7620.56720 18.7075 0.0528 -149.1202 247.4257 5.61 1417
7620.60380 18.6553 0.0520 -405.9026 255.5573 5.64 1383
7620.62212 18.7427 0.0554 17.3973 251.0136 5.42 1363
7620.65560 18.7243 0.0586 -69.1225 269.4697 6.39 1399
7621.48455 18.7584 0.0434 89.7325 194.8109 3.86 1248
7621.50217 18.8631 0.0529 546.8216 214.9361 3.61 1221
7621.53164 18.8802 0.0741 617.2425 293.3069 3.83 1220
7621.55100 18.6328 0.0354 -520.1578 178.9684 3.35 1307
7621.56929 18.8864 0.0855 642.6956 334.5445 4.98 1684
7621.58783 18.8188 0.0560 358.7930 236.6379 5.23 1328
7621.60646 18.5427 0.0834 -1003.2514 448.3964 6.04 2463
7621.63712 18.7866 0.0581 217.2213 252.5683 4.16 1382
7621.65531 18.7742 0.0546 161.6307 240.4712 4.64 1675
7621.67489 18.8365 0.0603 434.9871 249.9668 5.63 1380
7621.69828 18.7073 0.0531 -150.0746 248.9726 5.26 1659
7622.48087 18.8677 0.0505 565.9132 204.3162 3.17 1285
7622.49931 18.6727 0.0448 -318.9379 217.3977 3.03 1149
7622.53376 18.6586 0.0400 -389.3859 197.1045 3.90 1122
7622.55362 18.8342 0.0403 425.1385 169.0743 3.36 1205
7622.57146 18.9341 0.0538 832.6166 204.3434 4.36 1271
7622.58911 18.8130 0.0562 333.5444 238.4737 4.80 1321
7622.60695 18.7428 0.0628 17.5498 283.4100 5.45 1319
7622.62441 18.8994 0.0578 695.2918 226.3799 5.12 1397
7622.65293 18.8271 0.0574 394.6323 240.5439 5.12 1389
7622.67196 18.7528 0.0519 63.9239 233.5567 5.08 1372
7622.69386 18.7689 0.0631 137.6606 278.1774 5.87 1414
7623.47557 18.8446 0.0548 469.2971 226.0690 3.33 1880
7623.49332 18.7796 0.0449 185.6633 197.6198 3.19 1281
7623.51465 18.8534 0.0544 506.4369 222.5869 3.58 1222
7623.54518 18.9021 0.0564 706.1448 220.4838 4.16 1292
7623.56308 18.6986 0.0424 -191.9952 201.1467 3.98 1182
7623.58077 18.7350 0.0384 -18.7991 176.4725 3.74 1102
7623.59943 18.8013 0.0506 282.5240 217.4797 3.86 1012
7623.61726 18.8391 0.0407 445.8450 170.0616 3.96 1052
7623.64614 18.7893 0.0498 229.2050 216.5199 5.14 1170
7623.66394 18.7286 0.0480 -48.8609 221.2658 5.23 1252
7623.68165 18.7056 0.0482 -157.9428 226.7535 5.04 1277
7623.69329 18.6997 0.0480 -186.7139 227.1764 5.82 1414
7624.47337 19.0629 0.1198 1305.9462 392.5287 4.84 2826
7624.49439 18.7958 0.0526 257.8784 227.1292 5.36 1294
7624.51303 18.8767 0.0527 602.9881 211.3243 4.50 1278
7624.54709 18.7399 0.0510 4.3497 232.1920 5.68 1194
7624.56701 18.8765 0.0574 602.1059 229.8762 4.27 1200
7624.58487 18.7686 0.0481 136.2805 213.5833 4.34 1201
7624.60298 18.7211 0.0410 -84.3630 190.8982 3.97 1057
7624.62061 18.7804 0.0422 189.2941 185.7164 4.18 1145
7624.63898 18.9030 0.0608 709.9582 237.1687 5.28 1175
7624.67025 18.6746 0.0409 -309.3568 198.6107 4.43 1147
7624.69171 18.7428 0.0487 17.6206 221.2121 5.16 1270
7625.47348 18.6958 0.0502 -205.7382 237.9849 4.02 2221
7625.49387 18.7340 0.0349 -23.5463 160.7974 3.08 1219
7625.51388 18.8004 0.0451 278.4808 194.5670 3.68 1132
7625.53581 18.8314 0.0557 413.2317 232.5528 3.82 1288
7625.56566 18.7980 0.0571 267.8641 245.7840 5.03 1356
7625.58419 18.7253 0.0472 -64.2629 218.1374 4.26 1364
7625.60192 18.6458 0.0475 -453.9825 236.2231 5.91 1327
7625.62033 18.8625 0.0438 544.3639 178.8265 4.02 1273
7625.63855 18.7671 0.0421 129.3772 187.6754 4.01 1198
7625.66727 18.8696 0.0494 573.9133 199.8219 4.32 1130
7625.68805 18.8558 0.0485 516.3657 198.8054 4.46 1143
7626.47487 18.7906 0.0549 234.9688 238.1021 3.85 2008
7626.49254 18.7298 0.0508 -42.9127 233.4178 2.91 1226
7626.51118 18.7237 0.0342 -71.8536 159.0435 2.99 1200
7626.52942 18.7109 0.0340 -132.6710 160.2677 2.90 1103
7626.55840 18.7623 0.0385 107.4570 172.7834 2.73 1123
7626.57659 18.6919 0.0337 -224.6838 161.7243 3.02 1187
7626.59774 18.7519 0.0401 59.6895 181.4764 3.30 1205
7626.62386 18.7953 0.0472 255.7863 204.5276 3.72 1204
7626.64175 18.8146 0.0467 340.4849 198.8982 3.76 1156
7626.65977 18.8406 0.0407 452.4919 169.6855 3.62 1173
7626.68397 18.8637 0.0447 549.4320 182.0000 3.84 1183
7629.48000 18.6992 0.0666 -189.1283 312.4985 6.19 1584
7629.49837 18.6910 0.0553 -229.0877 262.9034 5.90 1355
7629.51958 18.7017 0.0556 -176.9580 261.6970 5.95 1258
7629.53725 18.7111 0.0566 -131.7795 263.8646 5.93 1212
7629.55793 18.6811 0.0480 -277.4944 231.1141 5.38 1146
7629.60829 18.8179 0.0534 355.0259 225.9360 5.40 1124
7629.62646 18.7934 0.0518 247.5815 224.4326 5.23 1132
7629.64443 18.7358 0.0511 -14.9463 233.3450 4.48 1130
7629.66567 18.6858 0.0466 -254.3682 223.1920 5.30 1169
7629.68437 18.8747 0.0494 594.9368 198.6348 4.61 1084
7630.48868 18.8571 0.0467 521.8385 191.0267 3.33 1244
7630.51850 18.7491 0.0357 46.9368 162.1506 3.09 1165
7630.53647 18.6801 0.0302 -282.4131 146.3995 2.75 1074
7630.55668 18.7480 0.0310 41.8609 141.3347 2.73 1024
7630.57969 18.6726 0.0279 -319.4258 136.3755 2.88 960
7630.59834 18.6718 0.0359 -323.0663 175.3664 3.01 1043
7630.61698 18.8103 0.0403 321.9463 172.7393 3.67 1007
7630.64673 18.7661 0.0357 124.7096 159.9269 3.29 1000
7630.66588 18.7953 0.0384 255.8038 167.1401 3.09 1049
7630.68117 18.7818 0.0383 195.8539 168.5882 3.37 1072
7631.47817 18.7872 0.0463 219.8033 202.3010 3.20 1788
7631.49605 18.7455 0.0340 30.2190 154.9681 2.87 1254
7631.51852 18.7846 0.0375 208.2433 164.9807 3.13 1227
7631.53600 18.2983 0.1472 -2534.6657 963.2462 3.03 196
7631.53736 18.7430 0.0471 18.4523 214.2571 2.90 1148
7631.57150 18.8148 0.0460 341.4133 196.0084 4.47 1181
7631.58933 18.7139 0.0457 -118.2443 213.7239 5.24 1120
7631.60700 18.8021 0.0515 286.0148 221.2996 5.61 1136
7631.62637 18.7644 0.0577 116.8859 255.9622 5.05 1148
7631.64452 18.7563 0.0502 79.8243 225.1770 4.99 1151
7631.67812 18.9652 0.0590 952.0104 217.5697 5.39 1165
7632.58134 18.7762 0.0388 170.4594 171.6852 3.67 1103
7632.59892 18.7350 0.0336 -18.7054 154.6913 3.16 1112
7632.61630 18.7073 0.0360 -149.8210 170.0710 3.37 1236
7632.63617 18.7945 0.0453 252.0887 196.4975 4.05 1215
7632.66919 18.7620 0.0368 106.3192 165.2917 3.40 1039
7632.69031 18.7804 0.0417 189.5358 183.7116 3.76 1210
7633.48434 18.7636 0.0414 113.6065 185.3339 3.75 1326
7633.50532 18.6969 0.0420 -200.1824 199.7056 3.96 1272
7633.54402 18.8650 0.0583 554.7636 235.6966 5.00 1245
7633.56227 18.8446 0.0471 469.1063 195.0002 4.12 1211
7633.59032 18.7791 0.0401 183.5240 176.7643 3.78 1144
7633.60853 18.8766 0.0662 602.6153 263.6991 5.04 1239
7633.62808 18.6583 0.0450 -390.5322 221.5023 5.09 1253
7633.64713 18.6149 0.0553 -612.8553 281.8341 6.05 1299
7633.66630 18.7518 0.0451 59.5314 203.4604 4.29 1337
7635.50739 18.6337 0.0541 -515.6052 271.1571 6.30 1391
7635.52515 18.6250 0.0472 -560.7454 239.3741 5.49 1280
7635.54297 18.6824 0.0478 -270.7838 229.8419 5.01 1331
7635.56168 18.6562 0.0547 -401.3317 268.4940 5.33 1194
7635.58250 18.7467 0.0517 35.7465 233.7048 5.23 1216
7635.61102 18.6722 0.0514 -321.4847 249.0969 6.17 1222
7635.63145 18.9665 0.0614 957.2682 225.8907 4.82 1239
7635.64901 18.8392 0.0536 446.1436 222.4713 5.41 1146
7636.48686 18.7645 0.0509 117.6022 226.6575 4.34 1313
7636.50680 18.8084 0.0560 313.3218 238.6198 4.62 1354
7636.53742 18.7368 0.0442 -10.2831 202.2188 4.28 1226
7636.55481 18.8120 0.0462 329.2311 197.1768 4.52 1201
7636.57978 18.9253 0.0550 798.3498 210.6522 4.78 1174
7636.60001 18.8438 0.0497 465.6390 205.8917 4.76 1156
7636.61863 19.0823 0.1069 1372.3853 346.1809 5.81 1333
7636.63617 18.6912 0.0480 -227.9798 228.6915 5.08 1272
7636.66879 18.7429 0.0501 18.2679 227.5993 5.20 1282
7637.48533 18.8546 0.0518 511.4418 212.2479 3.93 1308
7637.50411 18.7503 0.0392 52.3405 177.4716 3.80 1106
7637.52193 18.7259 0.0449 -61.6410 207.4156 3.00 1120
7637.53968 18.8164 0.0401 348.5121 170.9695 3.56 1047
7637.55804 18.7678 0.0390 132.5365 173.7711 3.79 1139
7637.58733 18.8193 0.0476 360.8954 201.8537 3.99 1135
7637.60535 18.8315 0.0404 413.3108 169.8828 3.52 1119
7637.62247 18.6261 0.0556 -554.6681 280.6134 5.40 1243
7637.64324 18.7995 0.0704 274.2162 300.5402 5.54 1302
7638.49259 18.7884 0.0584 225.3654 253.3674 3.12 1657
7638.51017 18.8543 0.0691 509.9270 280.8834 2.87 1459
7638.53955 18.8065 0.0644 304.9936 273.9537 3.25 1656
7638.55708 18.7410 0.0392 9.1186 179.4242 2.84 1323
7638.57550 18.6889 0.0567 -239.2184 269.6467 3.01 1245
7638.59652 18.7580 0.0536 87.6658 239.4986 3.33 1376
7638.60004 18.7273 0.0565 -54.9282 259.3283 2.97 1381
7638.61913 18.8439 0.0544 466.3605 224.5057 3.63 1318
7638.63719 18.8459 0.0448 474.5453 185.6287 3.63 1254
7638.66591 18.7592 0.0486 93.3816 217.6777 4.70 1304
7639.49000 18.7623 0.0353 107.6590 158.3761 2.80 1461
7639.50773 18.7188 0.0389 -94.8603 181.6454 3.19 1445
7639.52545 18.7658 0.0394 123.3362 176.0926 2.69 1682
7639.54336 18.7475 0.0519 39.5835 234.6845 2.79 1348
7639.56099 18.7847 0.0597 208.6560 259.5870 3.70 1303
7639.58976 18.7924 0.0532 243.0260 230.6593 3.89 1384
7639.60739 18.8692 0.0650 572.3044 260.7628 3.58 1310
7639.62484 18.8938 0.0477 672.5538 188.5581 3.85 1257
7639.64690 18.7734 0.0433 157.7983 191.6633 4.42 1278
7640.48827 18.7702 0.0406 143.3720 180.7715 3.13 1574
7640.50590 18.8269 0.0475 393.7846 199.8304 3.59 1812
7640.53616 18.6631 0.0489 -366.5077 238.9442 3.31 1556
7640.55369 18.7421 0.0441 14.5446 200.8653 3.68 1571
7640.57159 18.8938 0.0613 672.6570 240.8975 3.95 2098
7640.58917 18.7019 0.0548 -176.0686 257.7758 3.35 1620
7640.63404 18.8999 0.0557 697.5103 218.2375 4.21 1753
7640.64427 18.8389 0.0525 444.9622 217.8348 3.94 1724
7641.49034 18.8139 0.0557 337.4635 236.4265 3.36 2088
7641.50802 18.8257 0.0493 388.3828 207.3570 3.38 2110
7641.53713 18.8071 0.0600 307.9933 255.6201 4.47 2129
7641.55488 18.8372 0.0593 437.8277 245.9673 3.59 1849
7641.58397 18.8130 0.0764 333.6155 321.2696 4.87 2265
7641.60203 18.7373 0.0564 -8.0883 256.4945 4.71 2098
7641.61988 18.7187 0.0604 -95.3407 279.0891 4.85 2460
7641.64211 18.8161 0.0657 347.1513 276.7658 5.21 2478
7642.48079 18.9086 0.0603 732.0061 234.0278 4.15 2305
7642.51638 18.7453 0.0578 29.2474 260.7448 3.50 2186
7642.54546 18.7368 0.0581 -10.1102 264.5452 4.23 2745
7642.58381 18.7552 0.0760 75.1792 337.0057 5.45 2507
7643.51371 18.8702 0.0719 576.2657 287.3562 5.35 1977
7643.53183 18.8103 0.0601 321.7602 255.2051 4.97 1968
7643.54955 18.9456 0.0720 877.1583 268.4855 4.39 1872
7643.56739 18.8501 0.0566 492.3292 232.0071 3.70 1912
7643.58514 18.7553 0.0463 75.5492 207.9912 3.81 1925
7643.61507 18.8166 0.0730 349.3865 306.4635 4.14 2033
7643.63584 18.8038 0.0682 293.1477 290.4522 5.18 2130
7644.49821 18.7220 0.0658 -79.7056 302.3762 4.96 2646
7644.51648 18.7938 0.0731 249.1939 313.4326 5.74 2261
7644.55301 18.8094 0.0645 317.6990 273.5607 5.11 2242
7645.56997 18.8195 0.0695 361.6410 291.6612 5.23 2540
7645.60563 18.8681 0.0692 567.4947 277.3841 5.06 2174
7647.48998 18.8562 0.0868 518.0122 349.3257 5.15 2384
7647.50798 18.7239 0.0491 -70.9073 226.7902 3.69 1828
7647.52561 18.6479 0.0407 -443.2369 202.6155 3.46 1941
7647.54317 18.8641 0.0547 550.9312 221.8522 4.03 1788
7647.56098 18.8414 0.0507 455.4733 210.0887 3.71 1853
7647.59151 18.7975 0.0509 265.7230 219.6769 3.93 1913
7647.60919 18.8020 0.0572 285.2267 245.0759 4.59 2095
7647.62544 18.9048 0.0685 717.0814 265.6207 5.11 2235
7648.48266 18.8420 0.1481 458.2341 586.9612 3.20 1901
7648.50046 19.1576 0.1083 1619.6908 326.9267 3.39 1904
7648.51861 18.8397 0.0809 448.2805 331.2085 2.97 1620
7648.53737 18.8960 0.0662 681.4562 259.1584 3.46 1715
7648.55519 18.8241 0.0431 381.7162 182.3400 3.30 1666
7648.58431 18.8251 0.0502 386.1972 211.2481 3.67 1812
7648.60219 18.9136 0.0628 752.2371 242.2436 4.53 1935
7648.62097 18.7731 0.0578 156.4044 254.3817 5.41 2050
7649.48227 18.8805 0.0678 618.4591 268.9339 4.89 1892
7649.50051 18.8161 0.0507 347.1992 215.2247 3.38 1641
7649.51849 18.7771 0.0485 174.7205 213.6383 3.52 1672
7649.53626 18.8115 0.0530 326.9569 225.5234 4.14 1831
7649.56586 18.8143 0.0591 339.2185 250.1842 4.74 1783
7649.58773 18.7230 0.0636 -75.2121 292.5421 6.19 1803
7649.60617 18.8278 0.0648 397.6902 270.2937 5.09 1909
7650.49596 18.7276 0.0587 -53.3916 269.1993 5.49 1213
7650.51525 18.5966 0.0528 -709.7097 273.8010 5.90 1221
7650.57610 18.7384 0.0578 -2.9139 262.4334 6.41 1638
7650.61749 18.9485 0.0674 888.5443 251.3137 5.26 1678
7651.48488 18.7079 0.0644 -147.0787 300.1658 6.36 1708
7651.50304 18.6971 0.0574 -199.4120 270.7536 5.95 1524
7651.53384 18.8134 0.0496 335.4334 211.2755 4.14 1535
7651.55169 18.7885 0.0535 225.6610 232.6923 4.91 1606
7651.56978 18.9698 0.0672 969.4245 245.5651 4.98 1677
7651.58777 19.0020 0.0715 1089.2925 253.3794 5.43 1870
7651.61627 18.7278 0.0574 -52.7256 263.4930 5.54 1921
7652.49673 18.8360 0.0538 432.6683 223.7212 4.15 1261
7652.51419 18.9303 0.0544 817.7612 207.6008 4.42 1227
7652.54484 18.7255 0.0415 -63.2633 192.1949 4.27 1249
7652.56397 18.7808 0.0539 191.0094 236.0203 5.23 1353
7652.58175 18.9094 0.0595 735.4191 230.6264 4.92 1401
7652.59979 18.8754 0.0567 597.7995 227.0875 5.20 1434
7652.61216 18.8372 0.0549 437.7759 227.8688 4.64 1376
7653.49839 18.8030 0.0447 289.8282 192.3956 3.98 1246
7653.51676 18.7094 0.0417 -140.0752 196.0768 3.99 1185
7653.54204 18.8455 0.0599 472.8409 246.4695 3.96 1157
7653.56265 18.6974 0.0545 -197.7926 257.5146 4.88 1228
7653.58114 18.8928 0.0617 668.8501 242.6201 4.83 1329
7653.60846 18.7739 0.0581 160.0642 255.6383 5.06 1381
7654.50252 18.7966 0.0407 261.4708 176.5120 3.30 1417
7654.50404 18.8283 0.0433 399.8685 182.3104 3.58 1400
7654.52262 18.8182 0.0596 356.1898 251.3207 3.72 1344
7654.55172 18.8938 0.0470 672.7086 185.8934 3.86 1379
7654.57101 18.7311 0.0451 -36.9430 207.4200 4.30 1445
7654.58896 18.8409 0.0510 453.5763 211.4371 3.99 1398
7654.59045 18.9466 0.0515 881.0063 193.6818 4.41 1406
7654.61008 18.7262 0.0558 -60.2126 256.5488 5.72 1525
7655.50153 18.8399 0.0483 449.1786 200.8258 4.02 1257
7655.52031 18.8343 0.0459 425.5572 191.8903 4.11 1192
7655.54935 18.8648 0.0460 554.0627 187.1430 3.89 1196
7655.56764 18.7260 0.0476 -60.7834 219.6315 4.22 1324
7655.58547 18.8200 0.0517 364.1313 218.6916 4.57 1313
7655.60384 18.8601 0.0496 534.2587 202.3429 4.37 1397
7656.50638 18.8643 0.0507 551.6851 205.8460 4.22 1422
7656.52440 18.7973 0.0420 264.4760 181.9924 3.19 1397
7656.54191 18.8087 0.0453 314.6092 193.9721 4.14 1350
7656.57155 18.8759 0.0467 599.8599 187.8622 3.84 1336
7656.60125 18.8407 0.0502 452.6250 208.3359 4.28 1486
7657.49952 18.8151 0.0430 342.5866 183.4908 3.30 1409
7657.51771 18.7117 0.0368 -128.8793 173.1640 2.79 1345
7657.53706 18.8387 0.0617 444.0049 255.1653 4.11 1336
7657.55689 18.8404 0.0443 451.6069 184.4359 3.85 1384
7657.58806 19.0186 0.0591 1149.5899 207.4125 4.87 1464
7657.59879 18.9329 0.0602 828.2053 228.5180 4.56 1472
7657.60026 18.7815 0.0549 194.4168 240.2333 4.61 1493
7658.48688 18.8004 0.0465 278.4406 200.3757 2.86 1648
7658.50544 18.8371 0.0588 437.2348 243.8338 3.04 1372
7658.52628 18.8235 0.0407 379.2936 172.1951 3.31 1247
7658.54839 18.9041 0.0490 714.3155 191.8458 4.12 1359
7658.56601 18.8832 0.0670 629.5334 265.4278 4.60 1389
7658.59812 18.8596 0.0573 532.3420 232.8619 4.90 1685
7659.49614 18.7146 0.0410 -115.0243 191.7864 3.58 1460
7659.51413 18.8290 0.0764 402.9311 316.5710 3.17 1406
7659.53197 18.8516 0.1140 498.6557 455.0134 3.00 1449
7659.55131 18.9116 0.0712 744.0610 274.2018 3.60 1382
7659.56946 18.8209 0.0515 367.8953 217.4859 3.79 1408
7659.59457 18.9019 0.0738 705.2653 286.2336 4.38 1490
7660.52822 18.8701 0.0465 576.0067 188.2637 3.59 1524
7660.54615 18.8809 0.0460 620.4248 184.2755 3.74 1390
7660.56544 18.7853 0.0446 211.2659 195.0629 3.53 1509
7660.58967 18.7918 0.0470 240.5115 204.1857 4.09 1432
7661.49379 18.7442 0.0419 24.0062 190.6546 3.26 1401
7661.51183 18.7469 0.0395 36.5603 179.7743 3.51 1344
7661.52954 18.7561 0.0410 79.2420 184.5384 3.73 1335
7661.55821 18.8275 0.0429 396.3009 180.7441 3.67 1322
7661.58564 18.8783 0.0524 609.7500 209.8723 4.45 1447
7662.48504 18.8447 0.0533 469.7950 220.1957 3.71 2073
7662.50295 18.8448 0.0477 470.2132 197.2446 3.56 1530
7662.52156 18.8732 0.0473 588.7943 190.9017 3.62 1468
7662.54827 18.8027 0.0518 288.4248 222.3518 3.32 1618
7662.59077 18.9259 0.0649 800.4514 247.4813 4.84 1604
7663.49893 18.8778 0.1076 607.4621 420.4979 3.41 1253
7663.51704 18.7440 0.0476 23.3351 216.3468 3.10 1185
7663.53736 18.8226 0.0432 375.3248 182.8900 3.03 1125
7663.57882 18.7431 0.0481 19.1807 218.7858 4.74 1299
7664.48868 18.7740 0.0604 160.4166 265.4681 4.26 1825
7664.50725 18.7651 0.0523 120.3603 232.5682 4.38 1635
7664.53733 18.7397 0.0468 3.1132 213.6592 4.07 1718
7664.55534 18.9006 0.0623 700.0530 243.3237 4.61 1674
7665.54034 18.7001 0.0607 -184.6961 285.1948 3.55 1622
7665.57462 19.0850 1.9443 1381.6514 3067.0809 4.42 1219
7666.49992 18.8219 0.0532 372.1481 224.1875 4.05 1520
7666.51720 18.9599 0.0520 931.8797 193.1617 4.08 1506
7666.53515 18.7477 0.0475 40.4640 215.0486 3.56 1493
7666.55297 19.0112 0.0564 1122.6254 199.5948 3.95 1372
7666.57258 18.7818 0.0485 195.8522 212.6216 4.41 1474
7667.52042 18.9469 0.0606 882.1267 226.9473 4.16 1502
7667.53884 18.8822 0.0553 625.7431 220.3264 4.06 1445
7667.55775 18.8662 0.0584 559.7543 235.9995 4.73 1557
7667.56856 18.7853 0.0538 211.3459 234.5275 4.93 1557
7668.49337 18.7615 0.0478 103.9592 213.5435 4.24 1852
7668.51208 18.7857 0.0535 213.1797 233.3101 3.95 1733
7668.53015 18.9034 0.0758 711.5184 293.5957 4.20 2230
7668.56854 18.7626 0.0499 108.8516 222.4658 4.02 1907
7669.50181 18.7568 0.0644 82.4566 286.7538 3.22 1820
7669.51925 18.8882 0.0645 649.8648 254.6848 3.32 1993
7669.53728 18.8419 0.0536 457.6681 221.6307 3.62 1959
7669.56358 18.7746 0.0501 163.1909 220.7432 3.78 2199
7670.50606 18.7670 0.0458 128.8184 203.8496 3.25 2044
7670.52571 18.7869 0.0589 218.4499 255.7809 3.49 2132
7670.56268 18.8340 0.0558 424.2913 232.4256 4.06 2198
7671.51322 18.8781 0.0543 608.6131 217.2258 3.75 1851
7671.53125 18.8012 0.0511 281.7515 219.7716 3.67 1850
7671.55693 18.7776 0.0604 177.0257 264.4960 4.17 2398
7672.52180 18.7193 0.0471 -92.5422 218.7159 3.96 1959
7673.50950 18.7974 0.0648 265.2333 278.0156 3.21 2052
7673.52754 18.7896 0.0548 230.7070 237.7937 3.00 1917
7673.54659 18.8316 0.0570 414.0023 237.8180 3.73 2342
7673.55689 18.8900 0.0683 657.4911 268.7054 4.76 2150
7675.49972 18.8506 0.0602 494.3530 246.6086 4.69 1937
7675.51791 18.8888 0.0632 652.3091 249.4713 4.28 1904
7675.52552 18.8222 0.0582 373.5991 244.6337 4.12 2030
7675.54656 18.8444 0.0684 468.4825 280.5829 4.85 2283
7676.49410 18.6579 0.0690 -392.8064 335.7422 5.79 2154
7676.52379 18.6537 0.0736 -413.7899 359.0026 5.88 2444
