7441.61172 18.7671 0.0708 129.3334 311.5247 6.45 2327
7442.59851 18.9064 0.0746 723.5554 288.2870 6.49 2048
7442.62188 18.8533 0.0632 506.0581 257.7857 5.84 1782
7443.58881 18.8705 0.0668 577.7109 267.4482 5.75 2099
7443.61580 18.7553 0.0487 75.5442 218.9273 4.06 1865
7443.63849 18.8290 0.0529 402.9481 221.7712 3.88 2208
7444.59738 18.9043 0.0787 714.8997 303.9367 6.11 2223
7444.62042 18.4889 0.0875 -1311.3574 493.3963 6.33 2037
7446.57823 18.8362 0.0646 433.3868 267.3736 5.18 2249
7446.60219 18.6997 0.0695 -186.4247 325.4777 6.60 2259
7446.62569 18.9107 0.0716 740.4810 276.0141 5.41 2165
7447.56861 18.8615 0.0746 540.2620 300.3807 6.27 2226
7447.60677 18.7195 0.0505 -91.6923 234.2637 4.83 2022
7447.63224 18.7556 0.0438 76.5970 197.3253 3.63 2135
7448.57384 18.8744 0.0688 593.4078 274.5383 4.87 2449
7448.59839 18.7233 0.0632 -73.5549 290.5474 5.46 2260
7448.62047 18.7577 0.0527 86.3200 235.8027 4.10 2177
7449.57117 18.6642 0.0583 -360.8694 283.5790 5.44 2688
7449.59428 18.8305 0.0694 409.1979 288.1439 5.87 2559
7449.61999 18.8373 0.0628 438.2999 259.8904 4.79 2402
7450.55092 18.7085 0.0613 -144.0211 285.6143 5.59 2407
7450.57391 18.8844 0.0679 634.5425 268.3044 5.41 2289
7450.61255 18.9370 0.0762 843.8493 285.7723 5.65 2403
7450.63969 18.7367 0.0553 -10.6782 251.9369 4.74 2261
7451.55403 18.7264 0.0750 -59.1316 341.8490 6.73 2505
7451.58462 18.7365 0.0757 -11.4442 341.5259 6.69 2351
7451.61047 18.8298 0.0671 406.1546 279.0171 5.74 2185
7451.63742 18.6714 0.0442 -325.3646 214.7598 3.82 2224
7452.55842 18.8028 0.0480 288.8556 206.5176 4.03 1696
7452.58172 18.8152 0.0459 343.3620 195.2982 3.86 1668
7452.60444 18.7381 0.0351 -3.9916 161.0127 3.17 1472
7452.62791 18.7176 0.0409 -100.8562 191.0285 3.39 1507
7454.60275 18.5538 0.0776 -941.5006 414.1062 4.84 1308
7457.55044 18.7216 0.0368 -81.9786 171.3398 3.50 1475
7457.57317 18.8410 0.0457 454.0741 190.1640 4.16 1454
7457.60883 18.8260 0.0416 390.0474 175.8058 3.80 1362
7457.63424 18.6780 0.0321 -292.5717 156.2563 3.26 1305
7459.58088 18.8620 0.0634 542.1213 256.5130 5.58 1798
7459.60216 18.8847 0.0617 635.7973 244.6962 5.37 1635
7459.62689 18.8684 0.0555 568.6397 223.9646 4.54 1607
7459.64800 18.8297 0.0550 405.6525 229.8662 4.46 1921
7460.54267 18.8028 0.0633 288.7746 270.3201 5.97 1878
7460.56411 18.8372 0.0585 437.8416 242.7627 5.45 1716
7460.58517 18.6916 0.0434 -225.9264 207.3072 4.10 1643
7460.60628 18.8319 0.0513 415.0745 214.5505 4.27 1747
7460.62730 18.7174 0.0414 -101.9093 193.0870 3.80 1486
7462.55495 18.8404 0.0576 451.2954 238.2168 5.76 1453
7462.57536 18.8401 0.0561 450.2066 232.1713 6.01 1415
7462.59656 18.8079 0.0518 311.3933 221.2298 5.12 1395
7462.61766 18.8192 0.0493 360.4305 208.7359 4.40 1383
7462.63905 18.6548 0.0409 -408.3100 202.2493 4.08 1557
7464.53861 18.8617 0.0560 541.0494 227.2309 4.42 1701
7464.56409 18.7858 0.0478 213.6236 208.7522 4.21 1794
7464.58685 18.7370 0.0463 -9.4102 211.7649 3.99 1839
7464.61033 18.7245 0.0497 -68.1103 229.3592 4.24 1909
7464.63344 18.6862 0.0397 -252.3611 191.0500 3.37 1643
7465.55444 18.8205 0.0530 366.2226 223.9630 5.71 1498
7465.57688 18.8328 0.0521 418.8316 217.6709 5.13 1574
7465.59933 18.8172 0.0536 351.8839 227.0675 5.53 1479
7465.62133 18.7148 0.0548 -114.3322 254.7056 6.45 1544
7465.64471 18.7980 0.0483 267.7966 208.7644 4.26 1507
7466.52430 18.8634 0.0749 548.1782 301.0598 6.50 1486
7466.54609 18.7640 0.0540 115.0431 239.8688 5.48 1653
7467.52396 18.5667 0.0499 -870.7810 266.4260 5.43 1509
7467.54871 18.7482 0.0543 42.8229 244.8455 5.09 1790
7467.57366 18.7516 0.0451 58.2046 203.7686 3.95 1774
7467.61914 18.8210 0.0513 368.4675 216.6007 3.98 1401
7467.64239 18.7729 0.0443 155.4688 196.2474 4.23 1345
7470.52077 13.7867 0.1927 -479477.5083 78791.9260 6.79 2502
7470.56300 16.8485 0.2533 -23815.9940 6008.3803 4.24 1850
7476.56235 18.7148 0.0563 -114.0230 261.4193 4.92 2074
7476.61710 18.7203 0.0448 -87.8664 208.1176 3.55 2316
7476.64058 18.8145 0.0534 340.1953 226.7373 4.29 2206
7479.49059 18.7561 0.0619 78.9291 276.3374 5.55 2219
7479.51044 19.0307 0.0821 1192.8988 281.8813 5.65 2236
7479.52846 18.8451 0.0581 471.4206 239.3233 5.11 1815
7479.53434 18.8080 0.0564 311.8855 240.5746 4.74 1853
7479.55418 18.7796 0.0558 185.6969 244.3236 4.71 1936
7479.61053 18.7421 0.0553 14.5798 250.7324 4.67 2125
7480.59905 18.8856 0.0630 639.5795 249.5053 4.84 1595
7480.61671 18.7149 0.0504 -113.4630 234.8763 4.48 1435
7480.63441 18.6878 0.0580 -244.6406 276.1922 5.78 1463
7481.47009 18.7734 0.0590 157.7668 259.3640 5.65 1234
7481.50120 18.5866 0.0536 -762.9482 280.4470 6.42 1273
7481.52061 18.6296 0.0483 -536.7480 243.4612 4.99 1308
7481.53807 18.6410 0.0494 -478.0160 246.4935 5.30 1247
7481.55621 18.7983 0.0542 269.1657 233.5598 4.25 1223
7481.57457 18.7145 0.0579 -115.6241 268.7043 4.76 1333
7481.59258 18.6987 0.0449 -191.6076 212.8277 4.33 1148
7481.61246 18.8514 0.0451 498.1052 185.6929 3.80 1191
7481.63038 18.7366 0.0431 -11.1767 197.5232 4.00 1189
7481.64996 18.6554 0.0404 -405.3882 199.8560 4.24 1125
7482.47632 18.7454 0.0463 29.7259 210.1987 4.98 1069
7482.49496 18.8390 0.0599 445.4677 247.9616 5.83 1114
7482.54681 18.7537 0.0496 68.2496 222.8426 5.02 1260
7482.56520 18.9098 0.0526 736.8309 204.4783 4.31 1226
7482.58266 18.8374 0.0465 438.7217 194.0122 3.61 1197
7482.60008 18.7736 0.0425 158.8948 188.1138 3.82 1175
7482.61738 18.8086 0.0398 314.2035 171.0478 3.34 1048
7486.48201 18.8216 0.0405 371.0343 171.9078 3.66 1048
7486.50569 18.7054 0.0429 -159.0297 202.5248 3.54 1025
7486.53238 18.7780 0.0373 178.4333 164.7757 3.17 1123
7488.46266 18.8593 0.0575 531.0171 233.6834 5.20 1146
7488.48129 18.8383 0.0559 442.6479 231.9370 4.67 1111
7488.53659 18.8687 0.0499 569.9809 201.6772 4.41 1014
7488.55476 18.8005 0.0487 278.8199 209.8692 4.48 991
7488.57346 18.8139 0.0524 337.5272 222.8475 5.03 1071
7488.59209 18.7369 0.0551 -9.8043 250.9815 5.48 1105
7488.61559 18.8653 0.0510 556.1384 206.7000 4.12 1116
7488.64167 18.5714 0.0664 -845.2412 350.3255 5.36 1047
7488.66069 18.6918 0.0624 -225.1752 295.2277 5.60 1155
7489.46575 18.7045 0.0466 -163.5671 219.5965 5.22 1044
7489.48346 18.6712 0.0411 -326.3206 200.1907 4.30 1108
7489.50128 18.7071 0.0430 -151.1127 202.3249 4.23 1014
7489.52012 18.7414 0.0402 10.9591 183.6338 3.69 1031
7489.53768 18.8801 0.0484 616.9080 194.0197 3.71 1031
7489.57008 18.7586 0.0421 90.4453 189.1793 3.48 1043
7489.58795 18.8466 0.0492 477.7201 203.2763 4.25 1098
7489.60723 18.7352 0.0389 -17.7945 178.8733 3.46 1102
7489.63311 18.9059 0.0493 721.5088 192.7199 3.87 1243
7489.65408 18.8990 0.0510 693.5393 200.5203 3.85 1274
7490.47806 18.5983 0.1384 -700.6368 689.7657 4.58 998
7490.50013 18.6919 0.0700 -224.3072 330.0182 4.81 1113
7490.51824 18.7964 0.0420 260.7287 182.1062 3.76 1052
7490.53562 18.8357 0.0417 431.3249 174.5821 3.45 1057
7490.56457 18.8241 0.0399 381.4930 169.1020 3.12 1073
7490.58196 18.7713 0.0396 148.5208 175.8552 3.14 1126
7490.59946 18.8212 0.0441 369.1481 186.8256 3.64 1154
7490.61947 18.7898 0.0637 231.6265 275.4278 3.60 1301
7490.63986 18.9994 0.0871 1079.6589 307.0364 3.87 1323
7490.65826 18.2472 0.1606 -2900.7324 1095.0323 4.29 1290
7491.46378 18.7338 0.0575 -24.4863 262.2162 4.47 803
7491.48241 18.8777 0.0439 607.0345 176.3774 3.75 992
7491.50030 18.6380 0.0434 -493.6123 217.6871 5.05 1054
7491.52117 18.7632 0.0495 111.7645 220.6246 5.29 1103
7491.53859 18.6827 0.0416 -269.3675 200.6499 4.21 1087
7491.55752 18.7201 0.0410 -88.9573 190.8348 3.98 1058
7491.59046 18.8365 0.0470 434.7585 196.0505 3.94 1099
7491.60820 18.7960 0.0459 259.0288 198.9107 4.11 1225
7491.62982 18.8270 0.0489 393.9552 205.5071 3.91 1143
7491.64806 18.7382 0.0453 -3.9439 207.0598 3.48 1086
7491.66756 18.7254 0.0419 -64.0451 193.9427 3.88 1102
7492.47742 18.7001 0.0410 -184.8293 194.3852 4.07 997
7492.49593 18.9139 0.0497 753.1959 193.0080 4.21 1012
7492.51635 18.7535 0.0399 67.2055 180.3493 3.83 990
7492.53477 18.7544 0.0354 71.0813 159.9926 3.27 1006
7492.55818 18.7269 0.0388 -56.7165 179.5803 3.05 1069
7492.59656 18.8536 0.0435 507.3552 178.8994 3.53 1149
7492.61588 18.7929 0.0383 245.1499 166.9611 3.10 1191
7492.63821 18.7177 0.0488 -100.1412 227.0730 3.41 1188
7492.66597 18.6951 0.0437 -209.1130 207.7885 3.08 1192
7493.45778 19.4133 0.3096 2342.2398 675.0633 4.96 1186
7493.46118 18.7646 0.0468 117.8342 208.6767 4.36 967
7493.47983 18.6771 0.0482 -297.2751 232.9863 5.41 1073
7493.49823 18.8048 0.0437 297.5824 188.1895 3.88 1079
7493.51702 18.8399 0.0452 449.4758 188.2008 3.73 1001
7493.53596 18.7967 0.0427 262.0474 185.2437 3.74 1061
7493.55523 18.8120 0.0496 329.0791 211.2566 3.61 1123
7493.57424 18.8089 0.0450 315.7858 192.6018 3.85 1097
7493.60461 18.7941 0.0436 250.5102 189.5072 3.81 1150
7493.62795 18.8340 0.0481 424.0775 201.0835 3.89 1233
7493.65074 18.6028 0.0449 -676.7848 232.5888 4.01 1219
7493.66960 18.6788 0.0607 -288.5175 290.8166 5.47 1707
7494.44991 18.8539 0.0649 508.3386 264.3969 5.09 808
7494.46901 18.6108 0.0457 -634.4489 234.8397 4.85 1004
7494.48750 18.8432 0.0898 463.1326 364.9423 5.60 988
7494.50839 18.7354 0.0749 -16.8959 338.7515 4.92 932
7494.52703 18.7565 0.4062 81.1550 1554.8238 5.73 729
7494.54568 18.7623 0.0430 107.2989 192.3836 3.81 1142
7494.57844 18.9234 0.0994 790.7688 373.7181 4.73 1226
7494.60150 18.7216 0.0480 -81.8104 222.5746 4.17 1283
7494.62288 18.7876 0.0420 221.8375 183.8291 3.14 1140
7494.64189 18.7728 0.0550 155.1604 242.4356 2.80 1192
7494.66271 18.6913 0.0355 -227.2262 170.1532 3.14 1195
7496.47049 18.7102 0.0468 -135.9238 219.4336 4.42 1315
7496.48922 18.7730 0.0375 156.0707 166.6530 3.22 1244
7496.50780 18.7320 0.0401 -32.9030 184.8410 2.60 1226
7496.52628 18.6765 0.0330 -300.2120 160.7328 2.91 1245
7496.54495 19.0639 0.2826 1309.5182 860.0674 3.27 1592
7496.59816 18.7098 0.0300 -138.0101 141.9069 2.93 1125
7496.63047 18.7694 0.0550 139.5859 243.1012 3.28 1205
7496.64995 18.6167 0.0786 -603.4395 395.9426 3.52 1182
7496.66859 18.7079 0.0344 -146.9604 162.3444 2.99 1338
7497.44271 18.7287 0.0741 -48.2995 337.2683 5.48 1406
7497.46116 18.7281 0.0432 -51.1931 199.3148 3.68 1361
7497.47974 18.7638 0.0439 114.1501 196.2148 3.49 1267
7497.49858 18.8554 0.0511 514.7859 209.1334 4.26 1288
7497.51732 18.8609 0.0534 537.5034 217.0954 4.21 1261
7497.56223 18.7795 0.0435 185.1772 191.4958 3.17 1234
7497.58278 18.7769 0.0684 173.5308 298.4183 3.40 1414
7497.61513 18.8333 0.0473 421.2444 197.9726 3.74 1235
7497.63477 17.5026 0.2478 -10747.8005 3226.2292 5.58 955
7497.65344 18.6001 0.0724 -690.8172 371.1373 4.85 1197
7498.44169 18.7141 0.0515 -117.6123 239.7968 4.60 1411
7498.46271 18.7594 0.0513 94.1757 229.3346 4.11 1400
7498.48342 18.8597 0.0460 532.5136 187.9994 3.45 1344
7498.50203 18.7169 0.0446 -104.2139 208.1140 4.02 1283
7498.53387 18.8886 0.0482 651.7101 191.5679 3.57 1296
7498.55215 18.8073 0.0439 308.5226 188.3834 3.64 1295
7498.57054 18.8119 0.0432 328.9238 184.6403 3.40 1308
7498.58945 18.7961 0.0407 259.1690 176.6059 3.24 1392
7498.63742 18.7666 0.0409 127.1277 182.4787 3.40 1425
7498.65666 18.6504 0.0403 -430.4272 200.1123 3.69 1488
7498.67496 18.7205 0.0572 -87.0289 264.0745 3.64 1930
7502.45299 19.0195 0.0921 1152.7145 318.0708 5.88 2348
7502.47771 18.8335 0.0623 422.2158 258.7776 4.45 2221
7502.50198 18.7806 0.0566 190.4549 247.5523 4.27 2133
7502.52944 18.8156 0.0516 344.7185 218.9793 3.54 1949
7502.55421 18.7875 0.0514 221.0002 223.6954 4.19 1795
7502.58887 18.3293 0.0616 -2321.0488 407.1026 5.68 1856
7503.42839 18.8251 0.0731 385.8158 304.6825 5.16 2233
7503.45582 18.9035 0.0735 711.9596 284.6295 5.35 2248
7503.48353 18.7103 0.0662 -135.6798 307.3026 5.78 2331
7503.51588 18.7526 0.0618 62.9320 276.6177 4.96 2147
7503.55201 18.7270 0.0582 -56.2446 267.0018 4.88 2137
7503.57702 18.7057 0.0505 -157.5096 237.0247 3.92 2022
7504.44695 18.6267 0.0765 -551.6227 382.0449 6.58 2979
7504.47629 18.8266 0.0749 392.4182 311.2440 5.71 2830
7504.50097 18.8511 0.0592 496.5763 242.2030 3.79 2451
7504.52744 18.7798 0.0578 186.9296 252.8859 3.90 2817
7504.55941 18.7483 0.0536 43.0882 241.5980 3.74 2489
7504.58760 18.8523 0.0680 501.8033 276.8988 3.90 2809
7506.53519 18.7405 0.0522 7.1849 237.1069 3.80 2805
7506.56013 18.7861 0.0533 214.7528 232.1994 3.55 2741
7506.61962 18.8233 0.0480 378.3029 202.5824 3.50 1680
7506.65199 18.7713 0.0454 148.6096 201.0569 3.70 1649
7506.65553 18.7852 0.0470 210.8493 205.4583 3.76 1694
7507.41739 18.6851 0.0549 -257.7636 262.3292 5.20 1807
7509.39697 18.9309 0.0615 820.1828 233.7974 5.53 980
7509.42512 18.6452 0.0444 -456.8726 221.2007 4.63 961
7509.45190 18.6434 0.0395 -465.8145 197.6400 4.07 976
7509.48072 18.7892 0.0482 228.5376 210.1204 3.68 1004
7509.51873 18.8030 0.0499 289.9009 214.6000 4.02 1256
7509.54478 18.8870 0.0524 645.3436 208.2559 4.08 1348
7509.57065 18.7164 0.0481 -106.3908 224.0199 4.78 1346
7509.60031 18.8856 0.0633 639.6373 250.3679 3.82 1304
7509.62483 18.8966 0.0464 683.9526 183.1834 3.44 1301
7509.66384 18.7582 0.0425 88.5570 191.1712 3.96 1211
7510.39399 18.6489 0.0380 -437.8256 189.0659 3.53 1075
7510.39553 18.7335 0.0424 -25.6871 195.0419 4.08 1070
7510.40137 18.8066 0.0398 305.5655 171.3374 3.66 1051
7510.40333 18.6846 0.0376 -259.9871 181.3330 3.86 984
7510.40517 18.8260 0.0435 389.7469 183.5865 3.96 997
7510.43099 18.6444 0.0360 -460.7603 180.0302 3.55 998
7510.45487 18.7644 0.0328 117.1339 147.2464 2.89 910
7510.48274 18.7704 0.0324 144.2745 144.4299 2.70 933
7510.51019 18.7071 0.0335 -150.8431 158.3195 3.22 992
7510.54646 18.6883 0.0354 -242.0992 170.1215 2.85 1085
7510.57171 18.8158 0.0453 345.7048 192.7534 3.69 1182
7510.59983 18.7044 0.0320 -163.7564 151.7780 3.70 1190
7510.62574 18.8208 0.0439 367.4472 186.1667 3.42 1288
7510.65147 18.7447 0.0427 26.2839 194.0752 3.07 1262
7511.41539 18.7531 0.0466 65.1335 210.1496 4.36 992
7511.44257 18.7328 0.0353 -28.9883 162.8581 3.20 971
7511.46811 18.8110 0.0413 324.7741 176.7493 3.76 1027
7511.49318 18.7390 0.0501 -0.2289 228.1133 3.47 1047
7511.51937 18.7638 0.0406 114.3835 181.6154 3.61 1063
7511.55275 18.7560 0.0395 78.6663 178.1487 3.50 1074
7511.58386 18.7917 0.0429 239.7312 186.8499 3.06 1113
7511.61346 18.7766 0.0501 172.2030 220.5464 3.64 1247
7511.63836 18.7432 0.0630 19.5659 284.4212 4.44 1325
7511.67214 18.7296 0.0432 -44.0733 199.3960 3.51 1382
7512.39300 18.7726 0.0529 154.2274 233.2441 5.78 1658
7512.42676 18.6379 0.0433 -494.0376 217.4434 4.74 1683
7512.46575 18.5564 0.0469 -927.4788 253.1096 5.12 1049
7512.48861 18.6692 0.0466 -336.1525 226.7012 5.18 1098
7512.51177 18.7156 0.0435 -110.3112 202.9836 4.37 1073
7512.55601 18.7165 0.0394 -106.1541 184.0411 3.13 1090
7512.58319 18.8154 0.0469 343.8303 199.3970 3.66 1167
7512.61342 18.7330 0.0547 -28.1173 250.2215 5.33 1387
7512.63691 18.8469 0.0829 479.1451 336.8352 6.47 1456
7513.38874 18.7912 0.0759 237.6559 325.9128 4.92 594
7513.41405 18.8448 0.0423 470.1790 175.3331 3.89 927
7513.44177 18.7141 0.0458 -117.4153 214.0983 3.43 931
7513.46797 18.9274 0.0546 806.5493 208.8651 3.86 1004
7513.50401 18.8225 0.0614 374.6370 257.6596 3.67 1145
7513.53441 18.6406 0.0380 -480.2729 190.6100 3.05 1073
7513.56487 18.7628 0.0404 109.9129 180.8042 2.89 1037
7513.59480 18.6843 0.0343 -261.8399 165.6013 4.22 995
7513.62893 18.7769 0.0518 173.6397 227.9034 3.03 1108
7513.63169 18.8418 0.0426 457.4189 177.2949 3.31 1111
7513.66743 18.7902 0.0541 233.2854 234.7389 5.41 1427
7514.38701 18.7539 0.0555 68.7994 248.7280 5.19 636
7514.38853 18.7635 0.0575 112.7783 255.1548 5.09 666
7514.39008 18.8943 0.0830 674.8321 322.9879 5.43 678
7514.39211 18.7199 0.0612 -90.0676 282.2731 5.17 700
7514.41726 18.7929 0.0484 245.0461 210.1336 4.30 1000
7514.44535 18.7550 0.0464 74.0312 208.6550 3.75 943
7514.47245 18.8188 0.0514 358.6313 217.6533 3.64 941
7514.49817 18.8191 0.0421 360.1065 178.9898 3.79 986
7514.53314 18.7011 0.0474 -179.6459 224.0821 3.69 1028
7514.56238 18.7058 0.0332 -156.9888 157.0633 3.03 1095
7514.59881 18.7606 0.0415 99.5864 186.3454 3.05 1134
7514.63157 18.7351 0.0392 -18.4320 180.1969 2.85 1293
7514.65990 18.6651 0.0386 -356.8435 189.2979 3.11 1296
7518.38218 19.1091 0.0896 1462.3004 285.2233 5.48 662
7518.41511 18.5981 0.0461 -701.3348 239.5823 4.41 917
7518.44010 18.8024 0.0514 286.9727 220.6825 5.27 966
7518.46607 18.6436 0.0509 -464.7643 253.3646 6.07 965
7519.37479 18.6914 0.0420 -227.0559 200.9245 3.59 919
7519.40505 18.6322 0.0340 -523.5330 172.1292 2.99 956
7519.42809 18.6330 0.0373 -519.2778 188.3584 2.64 829
7519.48831 18.6423 0.0443 -471.6693 221.0673 2.62 922
7519.51410 18.7072 0.0417 -150.4915 196.5697 2.58 986
7519.56729 18.7813 0.0387 193.4756 170.7158 2.80 1221
7519.60036 18.7365 0.0427 -11.4738 195.5213 3.00 1120
7519.62662 18.7071 0.0371 -151.0646 175.0481 3.18 1204
7519.65543 18.9048 0.0476 717.0888 186.2774 3.45 1262
7520.36780 18.5199 0.0515 -1132.0025 287.2116 5.45 1241
7520.39319 18.7345 0.0459 -21.0767 210.3060 4.67 1128
7520.41885 18.7070 0.0488 -151.2949 228.9704 3.49 1022
7520.44555 19.0328 0.0980 1200.3297 333.4997 4.55 1067
7520.47175 18.6488 0.0773 -438.8266 377.8572 4.59 1114
7520.50529 18.7429 0.0450 18.1928 204.6477 3.58 1005
7520.52984 18.8216 0.0477 370.6758 201.7391 4.16 1081
7520.55747 18.7731 0.0495 156.6679 218.8642 4.17 1187
7520.58262 18.6989 0.0508 -190.2721 239.9178 4.30 1238
7520.60726 18.8029 0.0442 289.2319 190.5272 3.35 1230
7520.63987 18.4939 0.1058 -1282.3845 589.2054 3.83 1266
7520.68024 18.6944 0.0550 -212.4050 260.4536 4.75 1403
7523.41278 18.3757 0.1284 -2012.1709 789.1738 4.07 1928
7523.43637 18.6190 0.0354 -591.4330 181.1434 3.09 1132
7523.46767 18.5980 0.0300 -701.9814 157.0379 2.73 993
7523.49538 18.7050 0.0366 -160.9689 173.3161 3.03 956
7523.52214 18.7523 0.0331 61.8336 149.9568 2.89 1040
7523.55285 18.7114 0.0366 -130.3443 171.9405 3.13 1144
7523.58240 18.8345 0.0441 426.1483 184.5745 3.62 1162
7523.61381 18.8341 0.0497 424.7029 207.3642 4.09 1319
7523.63720 18.8013 0.0442 282.1260 190.7418 3.60 1294
7523.66074 18.7482 0.0416 42.6744 188.7912 3.49 1326
7524.37172 18.8146 0.0512 340.3835 217.6783 3.56 1163
7524.39646 18.7115 0.0452 -129.6707 211.9057 3.20 1131
7524.42877 18.7318 0.0412 -33.5677 189.5717 3.32 1005
7524.45636 18.7325 0.0515 -30.4696 236.1183 3.80 1017
7524.48037 18.7947 0.0387 253.2229 168.3303 3.42 927
7524.50790 18.8096 0.0331 318.9077 142.3223 2.85 885
7524.53213 18.7383 0.0340 -3.3488 155.9890 2.80 977
7524.56632 18.5967 0.0673 -708.7963 346.9547 2.64 1017
7524.58985 18.8015 0.0429 283.4125 185.3196 3.78 1116
7524.61461 18.7746 0.0448 163.3576 197.8978 3.28 1232
7524.63774 18.6067 0.0361 -656.2184 187.2836 3.25 1298
7524.66437 18.8308 0.0576 410.2831 240.5452 4.17 1464
7525.35535 18.5798 0.0626 -799.3783 328.6586 4.66 1788
7525.38443 18.8551 0.0588 513.3992 239.9754 4.37 1459
7525.41379 18.7762 0.0420 170.7325 185.5520 3.31 1258
7525.41859 18.7752 0.0397 165.9448 175.7803 3.25 1322
7525.44425 18.7455 0.0366 30.1734 167.0094 3.14 1247
7525.46948 18.7870 0.0408 218.7640 178.8336 3.15 1158
7525.49462 18.6873 0.0351 -246.6939 168.9484 2.92 1120
7525.52580 18.6881 0.0487 -243.2056 232.7321 2.93 1142
7525.56728 18.7430 0.0367 18.5880 167.5813 2.79 1102
7525.59180 18.8255 0.0569 387.7645 238.8413 3.08 1269
7525.61841 18.7514 0.0366 57.3651 165.9943 3.16 1369
7526.36803 18.8356 0.0655 430.9660 271.2174 5.46 1591
7526.39110 18.9354 0.0666 837.7885 251.3316 5.25 1475
7526.42215 18.8978 0.0540 689.0027 212.1140 4.15 1427
7526.44530 18.8183 0.0503 356.4396 212.9802 4.01 1418
7526.47063 18.7722 0.0496 152.5159 219.0883 4.33 1405
7526.49692 18.8496 0.0643 490.2418 263.0316 4.54 1399
7526.52863 18.8126 0.0539 331.7635 229.0170 4.53 1383
7526.57236 18.8188 0.0581 358.9563 245.0100 4.49 1762
7526.59657 18.8511 0.0609 496.6002 249.2117 4.93 1450
7526.62170 18.7702 0.0562 143.3152 248.1472 5.20 1462
7526.64429 18.7175 0.0497 -101.1166 231.1999 4.50 1487
7529.40653 18.9686 0.1060 964.9332 381.2443 5.38 2845
7529.43113 18.7056 0.0644 -158.1136 300.6954 5.45 2657
7529.45617 18.4995 0.0707 -1249.3225 397.9118 4.77 2371
7529.48107 18.6143 0.0568 -616.0606 289.3234 5.32 2259
7529.51739 18.5888 0.0788 -751.0146 406.9227 6.17 2317
7529.65645 18.3503 0.0750 -2179.2999 483.5527 5.85 2673
7534.53591 18.7205 0.0421 -87.1457 196.0273 3.39 1640
7534.56091 18.8389 0.0546 444.8734 226.4833 3.78 1742
7534.58408 18.6742 0.0511 -311.2228 247.1281 3.00 1938
7534.60912 18.7841 0.0533 205.8477 232.7996 3.86 2033
7534.65276 18.7416 0.0539 11.9668 244.5491 4.31 2119
7534.68428 18.8063 0.0631 304.3063 268.5566 4.69 2555
7535.32962 18.9144 0.0897 755.1328 341.6610 5.24 947
7535.35500 18.4443 0.0610 -1578.9458 362.7766 5.48 1411
7535.37803 18.9339 0.0834 831.8586 312.6689 5.61 1649
7535.41224 18.7534 0.0597 66.7648 267.3034 4.21 2619
7535.43676 18.8993 0.0615 694.7786 240.5485 3.95 2260
7535.47934 18.9220 0.0695 785.2272 265.0766 4.39 2386
7535.58098 18.7160 0.0470 -108.1694 219.2926 3.73 1694
7535.60436 18.6895 0.0634 -236.2640 300.5933 5.34 1843
7535.60587 18.6949 0.0648 -210.0050 305.6178 5.22 1835
7535.64051 20.0431 0.7086 3539.7410 730.0680 4.34 2418
7535.66702 18.6647 0.0634 -358.8011 307.3120 5.68 2278
7536.34409 18.8119 0.0597 328.7317 253.4794 5.30 1454
7536.37288 18.7646 0.0538 118.1361 238.9708 5.15 1292
7536.39691 18.3963 0.0529 -1879.2262 330.3100 4.87 1332
7536.42155 18.7701 0.0542 143.1222 239.5669 5.10 1639
7536.44825 18.7564 0.0532 80.3019 238.0834 4.86 1714
7536.48111 18.7615 0.0509 103.9529 227.0720 4.25 1505
7536.50989 18.8423 0.0528 459.5099 218.3841 4.99 1263
7536.53543 18.7344 0.0490 -21.3482 224.3371 3.98 1111
7536.56239 18.7532 0.0463 65.7729 208.4570 4.11 1208
7536.58593 18.8671 0.0542 563.5597 219.2558 4.36 1384
7536.63273 18.6468 0.0571 -448.6361 282.3835 5.10 1698
7536.65665 18.5370 0.0500 -1035.4708 274.6512 5.61 1901
7536.67993 18.7190 0.0618 -94.1954 285.5499 5.69 2024
7537.32408 18.4607 0.0587 -1479.1124 344.0587 5.65 837
7537.32568 18.6907 0.0722 -230.3397 340.7720 5.81 822
7537.32703 18.7292 0.0720 -45.8549 327.9591 6.15 885
7537.32952 18.6798 0.0824 -283.9300 390.7656 6.36 881
7537.35866 18.6889 0.0552 -238.8687 262.6725 5.55 1230
7537.38142 18.8073 0.0591 308.8297 251.9387 5.77 1133
7537.40859 18.7199 0.0515 -89.7542 238.5473 4.92 1151
7537.43719 18.8536 0.0515 507.1891 211.0356 4.87 1111
7537.46441 18.7587 0.0487 90.9597 218.0308 4.05 1183
7537.48933 18.7486 0.0469 44.6377 212.1618 4.84 1209
7537.52092 18.8328 0.0491 419.1642 205.3651 4.33 1136
7537.54929 18.7927 0.0508 244.3979 220.2560 4.06 1201
7537.57722 18.6879 0.0480 -244.1553 229.3090 4.81 1350
7537.60814 18.6508 0.0557 -428.5902 274.7707 5.79 1550
7537.63259 18.4734 0.0493 -1403.3222 287.0942 5.85 1605
7537.65688 18.7403 0.0634 6.2324 286.7977 5.12 1776
7537.68060 18.6392 0.0654 -487.3220 324.6332 6.54 2047
7538.32222 18.7428 0.0602 17.6746 272.1635 5.30 1481
7538.35169 18.6680 0.0494 -342.2130 240.6018 5.24 1316
7538.37495 18.7916 0.0488 239.2668 211.9598 4.85 1081
7538.40197 18.7796 0.0440 185.8873 193.5236 4.05 1037
7538.43118 18.8127 0.0420 332.3266 179.4687 3.81 1022
7538.45496 18.8015 0.0411 283.2229 177.4976 3.63 1020
7538.48666 18.7441 0.0410 23.7983 186.6392 3.65 1124
7538.51551 18.7012 0.0447 -179.2854 211.4924 3.41 1345
7538.54798 18.7755 0.0450 167.5018 198.8948 3.84 1367
7538.57149 18.7866 0.0487 217.2547 212.6185 3.93 1463
7538.59477 18.7447 0.0516 26.5806 233.5994 4.59 1562
7538.62481 18.7452 0.0525 28.7874 237.7759 4.51 1654
7538.65765 18.7575 0.0551 85.5351 246.1363 4.77 1602
7538.68170 18.5374 0.0536 -1033.1090 293.5811 5.82 1812
7539.31958 18.7828 0.0538 199.9876 235.1947 5.35 1056
7539.34874 18.6401 0.0436 -482.7670 218.2624 4.66 933
7539.37298 18.7256 0.0722 -62.7627 329.7036 4.33 963
7539.40410 18.7708 0.0497 146.0951 219.9300 3.59 859
7539.42875 18.7044 0.0409 -164.0500 193.0766 3.15 824
7539.45599 18.7245 0.0481 -68.2293 222.5553 3.38 893
7539.48020 18.8807 0.0832 619.5554 327.8913 4.09 980
7539.50615 18.7945 0.0497 252.4486 215.3405 4.23 1085
7539.53935 18.7126 0.0472 -124.8463 220.6290 3.91 1160
7539.56306 18.8469 0.0674 479.0455 275.8324 3.28 1276
7539.60086 18.3440 0.2018 -2221.6193 1235.5592 4.83 1507
7539.62539 19.2510 0.3852 1903.5880 943.6086 4.31 1683
7539.64840 18.6520 0.0479 -422.2524 236.5067 5.10 1359
7539.67830 19.1625 0.2325 1635.2328 660.6924 5.53 1658
7540.32612 18.8728 0.1055 586.8748 414.5588 5.98 1071
7540.35088 18.3930 0.2645 -1900.3316 1505.3481 6.89 593
7540.37684 18.6566 0.0421 -399.4012 207.9657 4.30 869
7540.39987 18.6754 0.0456 -305.4091 220.7687 4.52 985
7540.42473 18.7917 0.0491 239.9529 213.3153 4.53 972
7540.45561 18.7629 0.0419 110.1729 187.6782 4.02 996
7540.48825 18.8246 0.0500 383.6794 210.4933 5.06 982
7540.51754 18.7947 0.0434 253.3426 188.5673 4.28 981
7540.54419 18.7751 0.0456 165.4978 201.4504 4.37 1057
7540.56840 18.7033 0.0446 -169.2943 210.6181 4.73 1016
7540.60267 18.7759 0.0471 169.2881 207.6125 4.75 1048
7540.63685 18.6918 0.0452 -224.7798 215.6519 4.62 1069
7540.66150 18.7775 0.0491 176.5694 216.2621 4.29 1124
7541.33061 18.7552 0.1010 75.0784 442.9252 5.07 996
7541.35512 18.7869 0.0463 218.3144 202.2803 4.04 938
7541.38157 18.8189 0.0490 359.1243 207.5204 3.94 886
7541.41751 18.8788 0.0807 611.5161 318.8389 4.22 943
7541.44305 18.7942 0.0404 250.9365 175.9108 3.48 928
7541.47162 18.7240 0.0497 -70.2407 229.4912 3.22 1031
7541.49775 18.7745 0.0591 163.0693 259.5142 3.15 946
7541.52446 18.6782 0.0447 -291.7881 216.1625 2.94 929
7541.56455 18.7291 0.0369 -46.2029 170.7628 3.01 883
7541.59550 18.7711 0.0319 147.6043 142.4710 2.72 900
7541.62317 18.8019 0.0398 284.8164 171.7899 3.12 987
7541.65908 18.7840 0.0463 205.6938 202.9427 4.18 1086
7542.33466 18.8241 0.0501 381.6737 211.2128 4.24 1088
7542.36642 18.8829 0.0494 628.3542 197.3528 3.68 1017
7542.39173 18.7226 0.0367 -77.1491 170.8743 3.25 1043
7542.41605 18.7284 0.0476 -49.5813 219.4394 2.94 1071
7542.44043 18.6966 0.0362 -201.4294 172.6733 2.85 1035
7542.46702 18.8302 0.0441 407.8295 185.4908 3.27 980
7542.50153 18.6713 0.0330 -325.9748 161.3588 3.22 981
7542.52915 18.7448 0.0409 26.8613 186.1812 2.76 948
7542.55781 18.7001 0.0369 -184.8426 175.3779 2.86 989
7542.58524 18.6506 0.0292 -429.5563 145.5604 2.71 1011
7542.61375 18.7138 0.0326 -118.7521 153.4128 2.94 1070
7542.65023 18.7472 0.0395 37.8712 179.6722 3.32 1126
7542.68066 18.7450 0.0658 27.7434 295.9685 4.21 790
7544.32210 18.4884 0.0786 -1314.4346 445.4589 5.95 1297
7545.32350 18.8130 0.0466 333.5129 198.7180 4.31 962
7545.34972 18.8017 0.0422 283.9906 182.2974 3.83 938
7545.37545 18.8053 0.0418 299.8682 179.8361 3.84 905
7545.41033 18.9112 0.0505 742.4093 196.4348 4.46 998
7545.43511 18.6347 0.0334 -510.7012 168.7419 3.55 851
7545.46008 18.8157 0.0369 345.4962 157.5307 3.32 960
7545.48585 18.7104 0.0370 -135.1674 174.0520 3.28 928
7545.51319 18.7697 0.0439 141.0527 195.0020 4.67 1097
7545.54486 18.7478 0.0489 40.9807 221.1311 5.10 1221
7545.57364 18.6739 0.0533 -312.9197 257.6815 5.38 1506
7545.59848 18.8224 0.0635 374.2925 266.2040 5.33 1384
7545.62663 18.6271 0.0517 -549.5724 260.9307 5.68 1310
7545.65197 18.7293 0.0674 -45.2858 307.2866 6.96 1200
7546.32386 18.8036 0.0565 292.2913 241.9887 4.57 1268
7546.35210 18.7892 0.0492 228.7162 214.1193 4.27 1074
7546.38003 18.6755 0.0381 -304.8776 185.0054 3.91 993
7546.40519 18.8008 0.0425 280.0666 183.8004 3.67 868
7546.43000 18.7670 0.0389 128.6778 173.4431 3.63 865
7546.45615 18.7411 0.0363 9.9371 166.0429 3.23 877
7546.49456 18.7639 0.0362 114.7641 162.2258 3.19 941
7546.52376 18.7927 0.0391 244.3008 170.3373 3.30 972
7546.54745 18.6970 0.0377 -199.6461 179.6158 3.26 985
7546.57393 18.8188 0.0435 358.8884 184.7670 3.52 1102
7546.59891 18.7523 0.0422 61.5741 190.7701 3.43 1118
7546.63736 18.7371 0.0446 -8.9539 204.1475 3.95 1135
7546.66223 18.7993 0.0801 273.4416 340.5103 5.01 765
7546.67475 18.6107 0.0676 -634.9984 343.8102 5.69 568
7547.30651 18.7312 0.0507 -36.4510 232.4785 4.51 977
7547.33037 18.7676 0.0485 131.6455 215.2863 4.53 1014
7547.35703 18.7762 0.1381 170.6064 584.1286 3.70 911
7547.38099 18.7428 0.0359 17.6080 164.1198 3.26 830
7547.41367 18.7207 0.0311 -86.2063 145.4181 2.87 747
7547.43688 18.7072 0.0343 -150.7033 162.1969 2.93 799
7547.46299 18.7827 0.0422 199.9309 185.3543 4.04 879
7547.49074 18.7949 0.0450 254.1353 195.1820 4.05 899
7547.52248 18.7036 0.0468 -167.9317 220.4761 4.95 1042
7547.55494 18.8224 0.0470 374.1801 198.7311 3.81 1000
7547.58278 18.4906 0.0513 -1301.6190 293.9566 5.03 1155
7547.58758 18.7157 0.0446 -109.8812 208.2903 4.43 989
7547.61461 18.6589 0.0507 -387.8203 248.8463 4.81 981
7547.63984 18.6288 0.0401 -540.6979 203.3721 4.21 1034
7547.66421 18.7860 0.0536 214.3232 233.7225 4.95 1168
7548.30654 18.6422 0.0555 -472.0088 275.8999 5.81 1332
7548.33898 18.7311 0.0544 -37.1279 249.1617 5.43 1228
7548.36186 18.6976 0.0449 -196.8657 213.0422 4.55 1144
7548.38454 18.5936 0.0456 -725.6955 237.9824 5.52 1108
7548.40807 18.8208 0.0578 367.6351 243.6132 4.20 971
7548.43386 18.7185 0.0452 -96.4420 210.5238 4.97 956
7548.46442 18.7396 0.0459 2.6662 209.4300 4.94 936
7548.49742 18.7547 0.0420 72.5462 189.5712 4.19 857
7548.52052 18.8202 0.0508 364.6614 214.9246 5.19 976
7548.54391 18.6406 0.0434 -480.3473 217.1946 5.26 997
7548.56855 18.5104 0.0512 -1186.3380 287.9035 5.25 990
7548.59622 18.6808 0.0539 -278.8338 258.5452 5.71 1045
7548.62290 18.8503 0.0603 493.4473 247.0179 5.45 1166
7551.37877 18.6673 0.1648 -345.7598 761.4875 5.87 1270
7551.40166 18.6073 0.1335 -652.6768 661.2636 4.64 1031
7551.42499 18.7552 0.0490 75.0528 219.9634 4.31 962
7551.51062 18.7485 0.0642 43.9281 288.0362 5.12 990
7552.32288 18.1347 0.0651 -3770.0853 514.3120 5.05 1486
7552.35046 18.6963 0.0489 -203.2406 231.9188 4.34 1069
7552.37432 18.7737 0.0437 159.3927 193.2795 4.37 961
7552.40819 18.7334 0.0416 -26.2266 191.4766 4.21 942
7552.43135 18.7667 0.0428 127.5645 190.8654 4.33 914
7552.45756 18.4773 0.0441 -1379.7426 256.4637 6.57 1007
7552.48236 18.8307 0.0495 410.0778 207.2433 4.90 961
7552.50674 18.6773 0.0550 -295.8849 264.4890 5.15 1042
7552.54230 18.6691 0.0459 -336.5618 223.2992 5.46 1126
7552.59168 18.6550 0.0489 -407.3983 241.0270 5.58 1106
7556.32818 18.7138 0.0739 -118.6527 340.9218 6.14 2236
7556.36816 18.5212 0.0564 -1124.7658 313.1716 5.98 1808
7556.39313 18.8097 0.0621 319.1592 263.6827 5.52 1544
7556.41793 18.6216 0.0568 -578.2877 287.4818 5.30 1580
7556.44313 18.5369 0.0442 -1036.0326 243.3842 5.26 1499
7556.53323 18.4354 0.0538 -1633.7429 323.9849 5.70 2319
7556.55901 18.8022 0.0785 286.3050 333.0498 5.57 1944
7556.60549 18.7042 0.0521 -164.9838 245.1458 4.08 1928
7556.64245 18.5175 0.0667 -1145.7908 369.8879 4.52 1023
7557.30724 18.3091 0.0633 -2459.8051 426.2576 5.68 2584
7557.32559 18.6993 0.0625 -188.5324 293.8767 4.97 2327
7557.34521 18.6493 0.0569 -436.0743 280.9906 4.65 2312
7557.36341 18.6552 0.0681 -406.2580 332.3850 5.75 2273
7557.38158 18.5589 0.0467 -913.6864 251.6590 4.23 2095
7557.39982 18.6016 0.0539 -682.9317 278.2100 5.40 1988
7557.41858 18.5836 0.0582 -779.3009 305.1715 5.53 1877
7557.43964 18.6810 0.0551 -278.0030 264.0686 5.38 1887
7557.52822 18.6546 0.0624 -409.2997 305.8384 4.89 2951
7557.56976 18.6727 0.0558 -318.6743 269.4870 4.65 2238
7557.58864 18.6484 0.0701 -440.3813 344.1480 6.23 2947
7558.38790 18.6747 0.0602 -308.7353 289.6119 4.63 2820
7558.42535 18.5672 0.0617 -868.1676 327.6413 5.63 2982
7558.44452 18.5848 0.0591 -772.7109 308.9498 5.08 2667
7561.42181 18.5335 0.0475 -1054.8608 261.9509 3.78 2719
7561.46062 18.4224 0.0427 -1714.0415 261.5967 4.71 2281
7561.47932 18.5423 0.0502 -1005.7959 274.0079 4.83 2370
7561.49641 18.3466 0.0526 -2203.9313 343.6492 5.30 2700
7561.51371 18.4464 0.0556 -1565.6793 330.8299 5.94 2881
7561.53625 18.3468 0.0558 -2202.7921 363.7350 6.89 2878
7562.28230 18.3163 0.0627 -2409.7079 419.0969 4.70 1830
7562.29928 18.3165 0.0563 -2408.6808 377.6318 5.24 1833
7562.31654 18.5171 0.0470 -1148.1654 263.1344 4.66 1907
7562.33406 18.4166 0.0395 -1750.6776 243.2011 4.05 1953
7562.35166 18.4025 0.0466 -1839.2850 290.0207 4.69 2611
7562.36971 18.4871 0.0445 -1322.2184 256.2203 4.12 2417
7562.40466 18.3782 0.0395 -1995.7033 251.9678 4.25 2418
7562.44310 18.3915 0.0375 -1909.9476 236.7284 4.28 1628
7562.47511 18.4699 0.0428 -1424.1238 250.6012 4.52 1711
7562.49272 18.4057 0.0368 -1819.4850 229.4116 4.23 1819
7562.51466 18.4717 0.0450 -1413.2521 262.7974 4.60 1964
7562.53276 18.3824 0.0404 -1968.5185 257.0508 4.49 2208
7562.55127 18.4393 0.0422 -1609.4199 254.2493 4.46 2222
7562.56870 18.2650 0.0363 -2771.6297 257.8900 4.02 2154
7562.59173 18.3567 0.0448 -2136.7477 290.8458 4.99 2356
7562.61188 18.4186 0.0486 -1737.5947 297.7585 5.21 2474
7563.41964 18.4785 0.0681 -1372.6032 391.3976 6.20 2871
7563.44000 18.1227 0.0552 -3868.5736 443.0820 5.93 2810
7563.60066 18.1811 0.0430 -3401.0018 328.5342 5.72 2709
7564.30546 17.8454 0.3285 -6467.5197 3010.2379 6.99 789
7564.32246 18.1512 0.1499 -3637.1343 1121.6412 6.13 939
7564.34059 18.1736 0.0655 -3459.6997 499.2956 4.41 1330
7564.40459 18.1682 0.0370 -3501.7370 286.7826 4.19 1779
7564.42205 18.1528 0.0580 -3624.1350 451.7898 4.87 2558
7564.44280 18.1808 0.0299 -3403.4873 229.8395 4.50 1282
7564.46233 18.1161 0.0236 -3923.1763 193.6017 3.64 1186
7564.48362 18.1768 0.0257 -3434.2074 198.7965 3.45 1299
7564.50286 18.1532 0.0275 -3620.7431 217.3010 3.62 1570
7564.52370 18.1312 0.0263 -3799.1814 212.3458 3.74 1401
7564.53942 18.1441 0.0271 -3694.5232 216.2305 3.95 1439
7564.55809 18.1286 0.0353 -3820.0886 283.8298 5.36 1843
7564.58697 18.0419 0.0333 -4558.9435 290.2316 5.56 1775
7564.60443 18.1309 0.0380 -3801.3888 305.1793 5.96 1875
7565.26785 17.9417 0.0253 -5489.1123 243.3832 5.16 1288
7565.30468 18.0471 0.0681 -4512.2280 581.8981 5.86 1237
7565.32358 18.0798 0.0396 -4228.8359 333.0230 5.65 1209
7565.34186 17.9374 0.0236 -5530.7901 228.2284 4.87 1127
7565.36070 18.0201 0.0240 -4753.5001 214.8273 4.35 1068
7565.37854 17.9806 0.0225 -5117.0973 208.5599 4.18 1117
7565.39975 17.9877 0.0238 -5051.2250 219.0558 4.31 1151
7565.45675 17.9563 0.0310 -5347.8164 293.3527 5.03 1661
7565.47526 17.9026 0.0212 -5875.8224 211.1490 3.93 1195
7565.58073 17.8131 0.0259 -6816.0037 279.5299 6.06 1480
7568.25705 16.5500 0.0098 -32957.7078 341.9839 5.70 1208
7568.27510 16.4444 0.0099 -36840.5725 379.1114 5.41 1174
7568.29411 16.4856 0.0076 -35279.5645 280.5621 5.43 994
7568.31225 16.4693 0.0070 -35888.7744 264.2912 4.79 962
7568.32998 16.4543 0.0070 -36459.9259 266.8413 5.00 949
7568.34996 16.4382 0.0067 -37081.4187 259.9523 5.16 859
7568.36983 16.4099 0.0071 -38194.0797 282.7968 4.43 897
7568.39228 16.3933 0.0069 -38858.7337 276.2648 4.46 816
7568.41000 16.3922 0.0088 -38901.8924 355.5093 3.98 824
7568.44469 16.3457 0.0060 -40827.6277 254.9523 4.05 923
7568.46258 16.3460 0.0114 -40816.4548 480.9422 3.51 897
7568.48154 16.3215 0.0063 -41859.8512 273.0662 3.93 897
7568.49964 16.2984 0.0063 -42869.4237 276.4613 3.90 966
7568.51853 16.2840 0.0060 -43511.3260 267.0561 4.50 960
7568.53819 16.2708 0.0060 -44105.6097 268.7631 4.33 955
7568.55748 16.2605 0.0060 -44572.3684 274.2422 4.39 1029
7568.57605 16.2325 0.0064 -45870.4772 297.9039 5.69 1101
7568.59913 16.2187 0.0064 -46523.4683 303.3577 6.10 1129
7569.26211 16.5238 0.0086 -33883.1411 305.9698 6.10 1059
7569.29718 16.5579 0.0079 -32681.5556 274.7139 4.96 892
7569.33217 16.5755 0.0075 -32071.8567 255.1372 4.44 887
7569.35075 16.5886 0.0076 -31627.9197 257.5294 4.47 888
7569.36923 16.6279 0.0078 -30324.9189 253.4684 5.29 829
7569.38770 16.6337 0.0077 -30136.6301 247.7141 5.19 869
7569.40611 16.6585 0.0078 -29338.9509 247.6110 5.11 863
7569.42456 16.6622 0.0077 -29223.5242 242.9597 4.44 854
7569.44340 16.6832 0.0076 -28567.0849 233.9566 4.17 831
7569.46174 16.6873 0.0076 -28439.4998 234.4819 4.39 862
7569.48058 16.7012 0.0083 -28012.6370 252.8492 5.37 891
7569.49889 16.7301 0.0089 -27143.7808 262.8316 5.39 909
7569.51763 16.7351 0.0087 -26997.3096 255.2323 4.93 951
7569.54767 16.7723 0.0091 -25916.1090 258.0388 5.30 1000
7569.57299 16.8022 0.0093 -25075.4388 255.7507 5.28 1055
7569.59172 16.7725 0.0107 -25910.4794 303.0094 5.67 912
7572.23954 17.9657 0.0330 -5257.6071 309.1582 4.54 1068
7572.26247 17.9439 0.0214 -5467.4813 205.1421 3.49 1228
7572.28077 17.9763 0.0199 -5158.1981 186.0247 3.33 1019
7572.29951 17.9435 0.0200 -5471.2717 192.2426 3.50 977
7572.31761 17.9650 0.0316 -5265.0160 295.9421 3.20 987
7572.33576 17.9702 0.0197 -5214.9242 185.0932 3.13 884
7572.35777 18.0214 0.0203 -4741.5428 181.4617 3.22 875
7572.37742 17.9607 0.0370 -5305.6385 347.0282 2.71 801
7572.39570 18.0244 0.0239 -4714.6979 212.5393 3.13 790
7572.42567 18.0305 0.0221 -4660.0876 195.6792 3.65 845
7572.44400 18.0446 0.0208 -4534.6298 182.1874 3.47 793
7572.46344 18.0547 0.0244 -4445.6320 210.8982 3.95 816
7572.48584 18.0134 0.0205 -4814.2518 184.9840 3.91 826
7572.50430 17.9865 0.0214 -5062.5307 197.2603 4.55 853
7572.52270 18.0877 0.0236 -4161.0161 198.6574 4.21 878
7572.54432 18.0385 0.0248 -4588.9701 218.2491 5.05 992
7572.56382 18.0710 0.0287 -4303.7211 244.6898 5.42 1160
7572.58827 18.0578 0.0354 -4418.4721 304.2605 6.83 1291
7573.23923 18.0714 0.0357 -4300.8203 302.6373 5.44 1044
7573.25756 18.1201 0.0279 -3890.3034 226.7481 4.65 1152
7573.27569 18.0841 0.0286 -4191.4975 240.3253 4.18 1063
7573.30649 18.2333 0.0355 -3003.2371 259.1841 4.77 1035
7573.32485 18.2233 0.0312 -3078.4587 230.5671 5.16 988
7573.34296 18.1714 0.0273 -3476.4202 212.3972 4.79 952
7573.36106 18.3399 0.0309 -2248.8418 205.4197 4.51 890
7573.38203 18.1906 0.0282 -3327.1244 215.1387 4.69 937
7573.40099 18.2240 0.0248 -3072.6888 183.8288 3.56 870
7573.42278 18.2411 0.0256 -2945.7531 186.7294 3.92 870
7573.44295 18.2269 0.0269 -3051.0503 198.4612 4.06 894
7573.46109 18.2166 0.0288 -3128.5592 214.6956 5.10 921
7573.47955 18.1713 0.0323 -3477.8048 250.4657 5.56 988
7573.50918 18.2028 0.0313 -3233.4671 235.5620 5.34 1049
7573.52714 18.1520 0.0284 -3630.4826 224.7432 4.95 1008
7573.54546 18.1121 0.0312 -3956.2470 255.6564 5.98 1143
7573.56362 18.2870 0.0374 -2614.0349 260.0620 5.84 1079
7573.58225 18.0366 0.0408 -4605.8793 356.2237 6.28 910
7574.23458 18.2108 0.0501 -3172.7713 371.1976 5.68 1212
7574.25240 18.2428 0.0394 -2933.5922 284.8655 4.83 1184
7574.27114 18.3298 0.0515 -2317.4800 341.8960 5.65 1159
7574.28923 18.3435 0.0345 -2224.7952 227.9011 5.26 1079
7574.30737 18.3150 0.0352 -2418.4448 238.9037 6.05 1068
7574.33130 18.3851 0.0356 -1950.6817 226.2888 5.66 1060
7574.34943 18.2959 0.0387 -2551.5173 266.8164 5.92 1018
7574.36779 18.3186 0.0339 -2393.8461 229.0056 5.44 1046
7574.40347 18.3807 0.0405 -1979.5193 257.8843 4.92 1010
7574.42740 18.3491 0.0310 -2187.2863 203.8716 4.66 987
7574.44750 18.2693 0.0329 -2740.2983 232.5897 4.40 1016
7574.46777 18.3455 0.0291 -2211.8004 192.6190 4.53 958
7574.48577 18.3093 0.0303 -2458.0526 206.9299 4.60 1040
7576.22555 18.6563 0.0706 -400.7651 343.9110 5.89 1446
7576.24471 18.2278 0.0504 -3044.2128 367.5967 6.77 1323
7576.26217 18.3088 0.0385 -2461.7777 261.8976 5.61 1233
7576.27919 18.1104 0.0505 -3970.4120 410.5659 5.78 1111
7576.31120 18.5031 0.0372 -1228.6302 212.0537 4.66 945
7576.32846 18.4555 0.0379 -1510.6136 225.3490 5.10 943
7576.34623 18.3744 0.0377 -2020.7319 241.8769 5.24 922
7576.36479 18.4626 0.0432 -1468.0796 254.5600 6.46 942
7576.40328 18.4179 0.0388 -1742.4258 239.0129 6.07 871
7576.42312 18.3004 0.0378 -2520.1263 259.3662 6.36 944
7576.47837 18.3635 0.0391 -2091.8110 253.1582 6.69 996
7576.49713 18.5195 0.0537 -1134.6076 298.8874 6.72 1017
7576.58210 18.5684 0.0495 -861.3964 263.9319 5.86 1247
7577.25956 18.3317 0.0432 -2304.7841 287.4941 5.90 1254
7577.27713 18.6873 0.0602 -246.8520 286.6113 5.32 1153
7577.29596 18.4473 0.0386 -1560.7616 231.5315 5.16 1054
7577.31347 18.5288 0.0350 -1081.2410 194.6593 4.17 977
7577.33188 18.4753 0.0336 -1391.9166 196.6372 4.31 883
7577.34949 18.6594 0.0431 -385.1911 212.0649 4.92 959
7577.36970 18.4165 0.0391 -1751.3471 241.2332 5.16 897
7577.38901 18.5888 0.0354 -751.1184 186.2801 4.13 945
7577.40918 18.6649 0.0400 -357.6408 196.1186 4.71 932
7577.42778 18.5473 0.0353 -977.9316 193.0504 4.02 962
7577.44756 18.4740 0.0352 -1399.8006 206.2633 4.61 1003
7577.47572 18.4096 0.0334 -1794.4890 207.9080 4.80 982
7577.49295 18.4775 0.0373 -1378.7609 217.7652 4.74 1044
7577.51703 18.5472 0.0342 -978.4155 187.3197 3.81 976
7577.53590 18.5359 0.0379 -1041.7132 209.4033 4.36 1086
7577.55272 18.5765 0.0369 -817.5852 196.7361 3.97 1144
7577.57406 18.5369 0.0486 -1035.5969 266.7642 4.81 1190
7578.22247 18.4588 0.0451 -1490.5696 266.4556 5.70 1381
7578.23962 18.5240 0.0402 -1108.6457 224.4520 4.42 1240
7578.25704 18.6168 0.0407 -603.1770 208.2256 3.27 1127
7578.27518 18.6112 0.0435 -632.6527 223.9180 4.81 1046
7578.29683 13.7538 0.1953 -494361.4862 82221.8771 3.45 1079
7578.33016 18.5291 0.0282 -1079.9111 157.5408 2.87 880
7578.34957 18.4485 0.0264 -1553.3966 158.9532 2.87 871
7578.36753 18.5485 0.0261 -971.0344 143.5672 2.77 834
7578.38568 18.4540 0.0276 -1519.5485 165.2574 2.78 845
7578.40633 18.5265 0.0386 -1094.4799 214.8027 2.78 835
7578.43546 18.5765 0.0323 -817.6633 172.2000 2.91 914
7578.45321 18.5480 0.0251 -973.5640 137.7713 2.87 876
7578.47007 18.5465 0.0301 -982.0245 165.0917 2.82 865
7578.48800 18.4902 0.0244 -1303.6312 141.6597 3.09 865
7578.50598 18.5614 0.0367 -899.5728 198.1047 2.99 1019
7578.52714 18.5550 0.0332 -934.7857 180.8894 2.90 1170
7578.52848 18.5474 0.0498 -977.1065 270.7740 2.90 1135
7578.55614 18.5186 0.0315 -1139.6897 177.4217 3.03 1236
7578.57514 18.5868 0.0383 -762.0485 202.0517 3.52 1392
7579.21346 18.7376 0.0577 -6.5621 262.5112 4.67 1666
7579.23177 18.6954 0.0460 -207.2130 218.8319 3.90 1500
7579.25034 19.2351 0.1811 1856.9513 492.4558 3.43 1644
7579.25368 18.6369 0.0378 -499.1943 190.5135 3.51 1341
7579.27141 18.5673 0.0306 -867.2553 164.9384 2.90 1201
7579.28921 18.6228 0.0336 -571.6731 171.9166 3.01 1196
7579.30692 18.5197 0.0295 -1133.4411 165.9955 2.77 1061
7579.32400 18.5568 0.0270 -925.0701 146.8781 2.89 992
7579.34416 18.5502 0.0376 -961.4557 205.2878 2.82 959
7579.36351 18.5649 0.0282 -880.8054 152.4638 3.04 901
7579.38346 18.5215 0.0258 -1122.9862 145.0741 2.58 826
7579.41464 18.5696 0.0323 -855.1061 173.6050 3.11 919
7579.43208 18.5961 0.0300 -712.4407 157.5843 2.73 833
7579.45063 18.5818 0.0275 -788.9632 146.3938 2.80 884
7579.47030 18.5694 0.0321 -855.7473 172.5997 3.21 943
7579.49575 18.6993 0.0373 -188.5331 177.4514 3.67 1006
7579.51329 18.5620 0.0376 -896.4296 202.8449 4.12 1148
7579.53046 18.4697 0.0426 -1425.4163 249.3913 5.30 1242
7579.54969 18.6295 0.0385 -537.4850 194.8711 3.71 1263
7579.57160 18.6060 0.0364 -659.8946 188.6403 3.52 1288
7580.21113 18.6855 0.0667 -255.7130 317.0090 6.32 1508
7580.23188 18.4272 0.0446 -1684.1513 271.8015 5.86 1383
7580.24998 18.5978 0.0489 -703.2971 253.9286 5.58 1334
7580.26760 18.5780 0.0400 -809.4239 212.4244 4.06 1230
7580.30149 18.6810 0.0404 -277.9268 195.3123 3.90 1087
7580.32380 18.6751 0.0417 -306.8516 202.3437 4.15 1013
7580.34156 18.6102 0.0411 -637.5984 211.8611 3.68 977
7580.36046 18.6679 0.0327 -342.4285 160.2852 3.08 839
7580.38015 18.6491 0.0361 -437.1578 179.8275 3.66 872
7580.40314 18.6731 0.0343 -316.9368 167.2191 3.42 1017
7580.42158 18.6918 0.0362 -225.0270 173.1939 3.53 983
7580.43976 18.6400 0.0331 -483.3109 166.5234 3.40 939
7580.45773 18.6095 0.0345 -641.5810 178.2571 3.74 980
7580.47606 18.5837 0.0382 -778.3561 201.7491 3.56 986
7580.50528 18.5833 0.0349 -780.6928 184.8017 3.63 1128
7580.52285 18.5938 0.0398 -724.3689 208.2134 4.27 1183
7580.54076 18.7216 0.0466 -81.6116 216.2268 4.25 1280
7580.57014 18.6436 0.0542 -465.1522 269.0102 5.21 1438
7581.23185 18.5410 0.3870 -1012.7852 1821.7797 5.46 2720
7581.24922 18.7179 0.2455 -99.1742 1044.5128 5.04 2437
7581.26646 18.7560 0.0802 78.5040 355.0342 5.24 1930
7581.28477 18.6069 0.0826 -654.9494 418.8189 5.04 1906
7581.30393 18.1602 0.1969 -3565.2096 1431.2317 6.23 2397
7581.31932 18.6664 0.0675 -349.9717 326.1823 4.57 1610
7581.33941 18.5811 0.0984 -792.4295 507.2098 4.10 1584
7581.39326 18.1710 0.2534 -3479.6495 1778.4699 5.01 1818
7581.41944 18.5300 0.0804 -1074.6383 438.1684 3.93 1508
7581.43146 18.7148 0.0474 -114.0619 221.2347 3.55 1218
7581.44988 18.6735 0.0423 -314.6126 205.6721 3.67 1268
7581.47049 18.7074 0.0412 -149.5607 194.2752 3.78 1259
7581.48802 18.7135 0.0417 -120.4348 195.0941 3.62 1324
7581.50557 18.6464 0.0388 -450.8338 193.5020 3.57 1342
7581.52314 18.7084 0.0429 -144.7914 201.9742 3.66 1469
7581.54192 18.7090 0.0472 -141.6043 221.2693 4.22 1428
7581.56619 18.7586 0.0578 90.7892 257.5631 4.91 1537
7582.27404 18.7594 0.0486 94.3085 217.6184 3.96 1327
7582.29176 18.7144 0.2228 -115.8379 960.7288 3.76 2720
7582.30954 18.6209 0.0352 -581.5339 180.2797 3.51 1141
7582.32694 18.7047 0.0396 -162.3885 186.9613 3.59 1053
7582.34513 18.6272 0.0366 -549.3627 185.8817 3.71 1086
7582.36388 18.6940 0.0435 -214.3557 207.1061 4.30 1102
7582.38427 18.6572 0.0411 -395.9471 202.6400 4.28 1060
7582.40669 18.7306 0.0428 -39.3631 197.3340 3.91 1176
7582.42573 18.8254 0.0590 387.0647 247.3915 5.52 1159
7582.44408 18.6335 0.0425 -516.6183 214.0310 4.53 1087
7582.47545 18.6840 0.0426 -262.9207 205.1158 4.34 1046
7582.49523 18.7772 0.0532 174.9082 233.5230 5.53 1029
7582.51921 18.5913 0.0450 -738.0095 235.7459 5.40 1045
7582.54057 18.5855 0.0489 -769.0650 256.6484 5.78 1215
7582.55988 18.5716 0.0473 -843.8695 252.0109 5.81 1294
7583.22133 18.7254 0.0788 -63.6201 358.9949 6.09 2187
7583.23929 18.6166 0.0689 -604.1331 348.6107 5.48 2681
7583.25875 18.5182 0.0486 -1141.5545 271.6701 5.49 1840
7583.27806 18.7521 0.0740 60.8871 329.5522 6.03 1976
7583.29615 18.7053 0.0628 -159.7766 293.4434 5.28 1963
7583.33554 18.7458 0.1252 31.6783 548.0442 5.61 2787
7583.37289 18.5997 0.0429 -693.2417 222.7760 5.14 1240
7583.39619 18.5581 0.0752 -918.1242 400.3037 5.01 2898
7583.43420 18.6463 0.0484 -451.1145 240.4037 5.56 1469
7583.45421 18.6277 0.0496 -546.5001 250.3071 5.57 1413
7583.47278 18.6609 0.0535 -377.7738 261.8189 5.45 1395
7583.49136 18.6672 0.0536 -346.0462 260.3415 5.35 1392
7583.51366 18.4834 0.0620 -1343.6754 355.5302 5.87 1486
7583.53210 18.6100 0.0489 -638.5247 250.9358 5.30 1410
7583.55067 18.5394 0.0477 -1021.7259 261.6731 5.55 1275
7584.21704 18.7748 0.0778 164.1835 338.5382 6.39 1917
7584.23540 18.7766 0.0640 172.2411 279.9875 5.35 1823
7584.25357 18.6023 0.0516 -679.4074 266.6260 5.63 1770
7584.28295 18.6744 0.0627 -310.3929 301.3564 5.16 1625
7584.30372 18.6148 0.0549 -613.8328 279.8895 4.73 1524
7584.32154 18.7955 0.0568 256.7585 244.9803 4.81 1418
7584.34153 18.5298 0.0491 -1075.9216 271.5089 4.32 1363
7584.35980 18.6899 0.0576 -234.2649 273.5377 3.96 1305
7584.37825 18.6734 0.0599 -315.3449 288.7308 5.94 1416
7584.39880 18.8081 0.0646 311.9631 274.3035 4.53 2436
7584.41715 18.6774 0.0526 -295.3435 253.2212 4.03 2307
7584.43582 18.7225 0.0481 -77.7026 222.7091 3.42 1632
7584.45854 18.6785 0.0444 -289.8848 214.6690 3.66 1915
7584.48991 18.7060 0.0587 -156.3961 274.6525 5.53 1596
7584.50803 18.6600 0.0605 -381.9490 295.3330 5.29 1559
7584.52648 18.5489 0.0467 -969.0115 253.9504 5.14 1581
7584.55092 18.5798 0.0475 -799.3260 250.9978 4.36 1370
7586.40799 18.4503 0.0589 -1542.1492 348.5715 6.52 2387
7593.22914 18.7427 0.0720 17.1373 323.8513 6.11 1008
7593.24719 18.7412 0.1060 10.4500 469.9141 6.42 952
7594.23985 18.6365 0.0509 -501.5047 254.7268 5.13 1109
7594.25748 18.8934 0.0552 671.0927 217.6937 4.59 1085
7594.27554 18.0937 0.0440 -4110.2500 364.3003 5.80 1089
7594.29408 18.8813 0.0481 621.7869 192.3931 3.57 1050
7594.31086 18.7175 0.0428 -101.1435 199.4244 4.12 989
7594.32758 18.9701 0.0613 970.5388 224.6762 5.43 1000
7594.35923 18.7474 0.0449 38.9241 203.6315 4.44 940
7594.37694 18.8141 0.0503 338.4114 213.9750 4.83 962
7594.39388 18.7561 0.0439 79.2689 197.5292 4.65 954
7594.41184 18.6396 0.0451 -485.3415 225.5868 4.73 1081
7594.44883 18.6699 0.0480 -332.8260 233.5791 5.55 1091
7604.23810 18.1187 0.0544 -3901.8391 437.7371 6.50 1160
7604.25779 18.0472 0.0448 -4511.8903 386.6568 5.86 1154
7604.27719 18.6530 0.0579 -417.1047 284.6127 5.40 1122
7604.30709 18.8937 0.0793 672.3764 309.2260 5.89 1088
7604.32743 18.8029 0.0561 289.1897 240.6015 5.65 1076
7605.22046 18.8159 0.0444 346.0103 188.8733 3.77 1025
7605.23753 18.7481 0.0428 42.3146 194.1648 4.23 976
7605.26586 18.7189 0.0373 -94.6576 174.2225 3.52 929
7605.28304 18.8369 0.0410 436.4855 171.6323 3.39 913
7605.30573 18.6981 0.0339 -194.5988 161.4877 3.12 884
7605.32681 18.7368 0.0350 -10.3766 161.0148 3.18 914
7605.34531 18.7529 0.0359 64.6118 162.7494 3.44 829
7605.36260 18.7496 0.0348 49.3691 158.1135 3.09 843
7605.37995 18.7985 0.0412 270.0169 178.2675 2.79 828
7605.42097 18.8244 0.0415 382.8970 175.3953 3.59 942
7605.43830 18.7673 0.0405 130.1370 180.5688 3.08 862
7605.45638 18.7084 0.0376 -144.5967 177.0829 3.68 989
7605.47508 18.7417 0.0444 12.6507 202.2949 4.51 1000
7605.49831 18.8023 0.0484 286.8420 208.0748 4.32 1064
7606.22012 18.7757 0.0463 168.3953 204.3376 3.85 1330
7606.23894 18.7882 0.0407 224.3690 177.8392 3.19 1215
7606.25656 18.7507 0.0398 54.0614 180.1229 2.97 1206
7606.27565 18.6750 0.0439 -307.2511 212.7871 2.98 1098
7606.29438 18.7668 0.0353 128.1559 157.6957 3.22 1044
7606.31449 18.7321 0.0357 -32.4650 164.7917 3.19 1004
7606.33807 18.7628 0.0328 109.6330 147.5287 2.97 916
7606.36576 18.6996 0.0326 -187.0619 155.3936 3.18 923
7606.38347 18.7224 0.0389 -77.8563 180.9407 3.94 941
7606.40061 18.8027 0.0429 288.6890 185.0064 3.52 895
7606.42019 18.7716 0.0374 149.6946 166.2608 3.57 821
7606.43890 18.7339 0.0363 -24.0336 167.0783 3.43 876
7606.45604 18.7167 0.0333 -105.0625 156.0862 3.29 865
7606.47409 18.7973 0.0402 264.7172 174.2075 3.87 934
7606.49330 18.7616 0.0368 104.0818 165.2974 3.40 979
7607.21815 18.7283 0.0508 -50.2868 233.7368 4.24 1429
7607.23628 18.8523 0.0539 501.7204 221.0160 3.70 1227
7607.25505 18.6533 0.0734 -415.9959 357.9556 3.30 1316
7607.27285 18.7548 0.0520 73.0426 233.5004 3.02 1307
7607.30157 18.1389 0.1211 -3736.3671 928.5282 3.08 1165
7607.32253 19.0145 0.0693 1134.8147 242.9102 3.11 1371
7607.34101 18.7211 0.1394 -84.2574 620.1149 3.02 1056
7607.35912 18.7685 0.0489 135.7283 217.0052 3.18 1034
7607.37847 18.8978 0.0960 688.9244 369.9671 2.60 1004
7607.39607 18.7060 0.0566 -156.3919 264.9396 2.45 1048
7607.41594 18.7428 0.0563 17.5973 255.1538 2.88 1105
7607.43425 18.7701 0.0590 142.8296 260.1421 2.82 1109
7607.45242 18.7011 0.0783 -179.8143 364.5540 3.01 1188
7607.47265 18.7684 0.1197 135.1750 514.5068 3.21 1200
7607.49002 18.4499 0.2331 -1544.7998 1276.8664 4.56 1042
7608.24215 18.6867 0.0846 -249.6846 398.1340 4.46 1293
7608.26118 18.8052 0.1020 299.5537 427.2375 4.38 1154
7608.28984 18.4501 0.0549 -1543.1220 325.6028 4.37 1117
7608.30993 18.7421 0.0819 14.5698 366.8993 4.29 1148
7608.33092 18.6323 0.0614 -522.5932 307.1807 4.72 1097
7608.34902 18.7912 0.0554 237.6009 240.0581 5.08 1050
7609.22557 18.6674 0.0495 -345.1562 241.2601 4.44 1312
7609.24345 18.6708 0.0441 -328.1049 214.6162 3.53 1189
7609.26162 18.6987 0.0391 -191.4374 186.0308 3.09 1208
7609.27943 18.7058 0.0365 -157.0591 172.6545 2.98 1196
7609.29844 18.6454 0.0354 -455.6809 177.1987 3.15 1126
7609.31942 18.7529 0.0374 64.1742 169.2528 3.03 1159
7609.32216 18.7327 0.0405 -29.6312 186.4455 3.25 1115
7609.34970 18.6551 0.0445 -406.7898 219.7067 2.97 1145
7609.36733 18.7741 0.0412 161.2521 182.3468 3.60 1179
7609.38945 18.7731 0.0418 156.5163 185.2944 3.51 1060
7609.40871 18.6977 0.0430 -196.4157 204.2347 4.29 1140
7609.42872 18.7481 0.0441 42.2205 200.0590 4.22 1169
7609.45548 18.6791 0.0493 -287.0253 237.5790 4.93 1229
7609.47302 19.0314 0.0905 1195.2670 309.2478 6.17 2044
7609.48687 18.5603 0.0530 -905.7622 284.5081 5.94 1623
7610.22302 18.7178 0.0845 -99.9509 386.7621 5.87 1841
7610.24144 18.9754 0.0778 990.7726 281.6324 3.80 1546
7610.26087 18.7580 0.0665 87.8495 295.5800 4.15 1654
7610.28499 18.7215 0.0485 -82.4486 224.9460 4.33 1300
7610.30755 18.9813 0.0557 1012.5525 202.6805 4.04 1333
7610.36870 18.7639 0.0440 114.8366 196.6797 3.26 1121
7610.38622 18.7236 0.0488 -72.1368 225.5839 3.31 1407
7610.40383 18.8120 0.0775 329.3991 326.0180 3.96 1517
7610.42150 18.8270 0.0453 394.2921 190.9072 3.90 1227
7610.43870 18.7791 0.0435 183.3755 191.5879 3.74 1160
7610.46067 18.7720 0.0508 151.4812 224.3231 4.55 1231
7610.47880 18.7242 0.0440 -69.5672 203.7388 3.92 1341
7611.21195 18.7754 0.0605 166.7490 265.5158 4.11 2368
7611.23176 18.7497 0.0473 49.7208 213.7999 3.98 1326
7611.24994 18.7953 0.0539 255.8395 233.0036 4.02 1290
7611.26895 18.7203 0.0491 -88.0425 227.7104 4.80 1352
7611.28731 18.7973 0.0607 264.6140 260.9107 4.33 1342
7611.31833 18.8269 0.0576 393.7749 241.0833 3.85 2204
7611.33851 18.8306 0.0484 409.5146 202.8182 3.56 1386
7611.35834 18.7407 0.0482 8.1505 219.3027 3.50 1581
7611.37680 18.8050 0.0494 298.4479 211.7968 3.78 1238
7611.39570 18.8707 0.0495 578.1615 200.0103 4.57 1227
7611.41407 18.8470 0.0506 479.4497 208.5512 4.40 1257
7611.43428 18.7619 0.0545 105.4396 242.6358 5.62 1181
7611.45293 18.9853 0.0699 1027.5941 251.4561 5.50 1291
7611.47818 18.8125 0.0721 331.4527 303.8150 6.28 1328
7612.22155 18.7062 0.0563 -155.2689 263.5963 4.74 1829
7612.23958 18.7399 0.0597 4.1021 270.6288 5.02 1804
7612.25776 18.7900 0.0542 232.1254 235.1550 4.33 1690
7612.28734 18.8465 0.0542 477.4169 223.3035 4.21 1504
7612.30587 18.8863 0.0611 642.4754 241.9324 3.94 1976
7612.32473 18.8014 0.0583 282.8715 249.7056 4.26 2078
7612.34316 18.7325 0.0542 -30.6026 248.0067 4.16 2014
7612.36161 18.7920 0.0541 241.4267 234.4611 3.81 1724
7612.38083 18.8383 0.0662 442.4031 273.2827 5.08 2029
7612.39973 18.7450 0.0588 28.1039 265.2537 5.11 1879
7612.41800 18.7775 0.0531 176.4844 233.0991 4.28 1564
7612.43622 18.7069 0.0599 -151.7152 279.9344 4.82 1645
7612.45458 18.8155 0.0598 344.6471 252.7955 4.63 1797
7612.47451 18.8421 0.0755 458.7835 309.3052 5.82 2193
7616.27558 18.7871 0.0858 219.2730 367.8555 6.74 2265
7616.29411 18.6869 0.0707 -249.0540 334.9505 6.20 2864
7616.31342 18.7756 0.0655 167.9772 286.4267 5.39 1909
7616.33548 18.9000 0.0888 697.8623 342.8192 5.94 1950
7616.35416 18.5891 0.0657 -749.6367 341.4822 6.50 2250
7616.37313 18.8973 0.0802 687.0116 311.6058 5.52 2358
7616.39128 18.8039 0.0850 293.5875 359.0219 6.49 2356
7616.46594 18.8645 0.0984 552.7703 390.6915 6.87 2912
7617.28872 18.7084 0.0601 -144.5848 280.4618 4.69 2252
7617.30744 18.9680 0.0799 962.6229 290.7753 5.62 2157
7617.32600 18.7238 0.0651 -71.1833 298.8721 5.08 2500
7619.30226 18.8029 0.0711 289.4536 302.3744 4.98 2579
7619.36575 18.5888 0.0614 -750.8932 319.8593 5.40 2011
7621.22635 18.7884 0.0517 225.1165 225.0446 4.62 1144
7621.24439 18.8650 0.0497 554.6749 201.6214 4.06 1049
7621.26326 18.7589 0.0402 92.0082 180.6102 3.43 1040
7621.28294 18.7153 0.0475 -111.7908 221.4152 4.41 1141
7621.30404 18.7960 0.0567 258.7927 244.5643 4.22 1147
7621.32296 18.6466 0.0621 -449.6158 306.3369 5.46 1235
7621.34020 18.7071 0.0464 -150.8489 218.1152 4.75 1188
7621.37547 18.7748 0.0532 164.4056 234.2396 4.57 1142
7621.39323 18.8036 0.0549 292.4511 235.0463 5.03 1283
7621.41074 18.7513 0.0473 56.8199 213.2785 4.39 1250
7621.43124 18.6385 0.0537 -490.7973 267.8028 5.74 1337
7621.45087 18.8521 0.0581 500.9446 237.6179 4.83 1456
7624.22118 17.8573 0.1464 -6341.6218 1438.8714 4.41 1630
7624.23866 18.0619 0.1791 -4383.0297 1436.5397 3.79 1021
7624.25635 18.9236 0.0951 791.5981 358.0481 3.61 1078
7624.27618 18.7770 0.1101 174.1837 471.4069 4.33 1216
7624.32142 18.8622 0.0470 543.2719 191.5592 3.55 951
7624.34183 18.7866 0.0621 217.3334 269.4821 4.24 971
7624.35897 18.7621 0.0499 106.6377 222.5708 3.13 893
7624.38905 18.7995 0.0425 274.6058 184.0123 3.84 1025
7624.40657 18.7677 0.0402 131.9593 179.1066 3.09 998
7624.42457 18.7144 0.0398 -115.8203 186.4009 3.66 1116
7624.44160 18.8330 0.0444 419.7404 186.2412 3.83 1212
7625.23137 18.7770 0.0497 174.2922 218.6341 4.37 1125
7625.24959 18.7996 0.0632 274.6575 270.5664 4.65 1099
7625.27157 18.8821 0.0511 625.2988 203.9013 4.14 1088
7625.29062 18.7861 0.0620 214.7940 269.1937 5.28 1071
7625.30920 18.8017 0.0459 284.1935 197.6568 3.73 1035
7625.32786 18.7156 0.0460 -110.2159 214.6301 3.03 980
7625.34639 18.6028 0.0410 -676.8175 212.5208 2.79 903
7625.36529 18.4798 0.0570 -1365.2733 328.6468 2.96 907
7625.39539 18.7057 0.0431 -157.6173 202.9651 3.50 991
7625.41371 19.0065 0.0603 1105.4537 213.6496 4.57 1161
7625.43784 18.7941 0.0526 250.5023 227.5360 4.81 1077
7626.22734 18.8108 0.0498 324.0862 212.3573 3.27 1001
7626.24718 18.8139 0.0409 337.5636 174.9013 3.72 884
7626.26791 18.6642 0.0508 -361.1638 248.0497 2.93 909
7626.28675 18.6973 0.0499 -198.4139 236.5446 2.79 842
7626.31024 18.7999 0.0504 276.2017 217.0944 2.85 790
7626.32848 18.6916 0.0577 -225.8337 273.9447 2.77 832
7626.34659 18.5516 0.0862 -954.0579 459.3743 2.87 824
7626.36479 18.6826 0.0471 -269.9969 226.5302 3.48 851
7626.39397 18.8203 0.0452 365.3672 191.5009 3.24 1003
7626.41204 18.8402 0.0553 450.5942 228.8551 3.84 997
7626.43015 18.8277 0.0481 397.1505 202.3649 3.96 1032
7626.44071 18.5929 0.0625 -729.4975 324.2539 4.61 997
7627.23371 18.8213 0.0413 369.4108 175.2620 3.57 982
7627.25447 18.8694 0.0453 572.8153 183.3914 3.15 973
7627.27405 18.8717 0.0475 582.5965 191.9143 4.00 983
7627.29195 18.6526 0.0564 -419.5885 277.7048 3.25 919
7627.31144 18.8053 0.0401 299.6973 172.7648 3.35 855
7627.32958 18.7855 0.0511 212.1359 222.8677 3.73 844
7627.34757 18.8388 0.0517 444.7989 214.6564 3.98 904
7627.36561 18.5707 0.0416 -848.8873 222.4466 4.15 897
7627.39651 18.7970 0.0516 263.3373 222.8378 4.82 977
7627.41457 18.6453 0.0465 -456.1888 231.6031 5.53 996
7627.43254 18.3279 0.0467 -2330.3260 311.0307 5.96 1061
7628.21740 18.9589 0.0676 928.1804 249.4787 4.66 1775
7628.23609 18.7417 0.0406 12.7437 185.4789 3.72 1000
7628.25503 18.8190 0.0468 359.4317 198.3308 4.41 948
7628.27507 18.8619 0.0496 542.0065 201.7082 3.70 937
7628.29367 18.7873 0.0404 220.1643 176.7295 3.41 984
7628.31236 18.7511 0.0376 55.8803 170.4073 3.65 940
7628.33099 18.7243 0.0383 -68.8188 177.7756 3.62 921
7628.34905 18.8061 0.0487 303.2619 208.7848 4.11 887
7628.36724 18.6233 0.0421 -569.2609 214.4533 4.44 935
7628.39800 18.7656 0.0509 122.5280 226.4019 5.35 990
7628.41651 18.8196 0.0559 362.2112 236.0184 5.73 935
7628.43878 18.7017 0.0564 -176.7720 265.2105 5.88 993
7629.22260 18.6953 0.0636 -207.9429 300.0838 4.10 1276
7629.24117 18.6858 0.0437 -254.3428 209.8991 3.86 1067
7629.26026 18.6949 0.0474 -209.7753 225.2735 4.76 1053
7629.26325 18.7475 0.0572 39.6130 257.7975 4.37 1177
7629.26644 18.8297 0.0493 405.9699 206.7394 4.09 1029
7629.28220 18.7253 0.0539 -64.4805 248.4766 3.68 1022
7629.30050 18.8771 0.0727 604.5603 288.9269 4.11 995
7629.31883 18.8415 0.0467 455.9990 194.0568 3.98 986
7629.33701 18.7091 0.0437 -141.5658 205.3029 3.86 932
7629.35521 18.8002 0.0494 277.3911 212.6934 3.95 962
7629.37556 18.8203 0.0630 365.4552 264.9213 4.83 1085
7629.39413 18.7251 0.0562 -65.1455 258.7646 5.10 1066
7629.43365 18.6462 0.1671 -451.9516 786.7370 6.11 984
7630.23352 18.8065 0.0420 304.9868 180.4737 3.60 1005
7630.25383 18.7715 0.0464 149.4612 205.6740 3.56 978
7630.37156 11.1439 0.0646 -5521380.9289 319113.1644 5.12 1193
7631.28214 18.8473 0.0488 480.7404 201.4743 4.40 943
7631.31223 18.7485 0.0492 43.9549 222.2508 4.47 980
7631.32993 18.8946 0.0688 676.1663 269.4957 5.18 1109
7631.34707 18.6289 0.0474 -540.4915 239.2815 5.37 1094
7631.36408 18.6938 0.0503 -215.0130 238.7609 5.23 1082
7631.38296 18.6780 0.0472 -292.6552 227.8652 4.96 1059
7631.40013 18.7885 0.0547 225.5161 237.4816 5.13 1089
7631.42480 18.7070 0.0573 -151.6448 268.2555 5.92 1102
7632.24377 18.6995 0.0409 -187.3901 194.2333 4.16 946
7632.26984 18.7366 0.0444 -11.4129 203.4104 4.68 937
7632.41027 18.7493 0.0457 47.7047 206.7608 4.06 913
7632.42161 18.6784 0.0479 -290.3764 231.2505 4.19 895
7633.22552 18.7114 0.0575 -130.5434 267.7394 4.82 1062
7633.24461 18.4851 0.0421 -1333.8584 243.0550 5.71 945
7633.24709 18.7649 0.0576 119.5167 255.3669 6.41 932
7633.26889 18.6533 0.0447 -415.6468 220.8403 5.14 889
7633.30768 18.6450 0.0483 -457.9363 240.4505 6.17 878
7633.32658 18.7424 0.0482 15.7025 219.0630 4.38 893
7633.34839 18.6800 0.0521 -282.5540 250.4218 6.11 890
7636.23805 18.8528 0.0525 503.7784 215.2122 4.98 959
7636.25567 18.9175 0.0639 767.7150 245.5859 4.43 910
7636.28752 18.7061 0.0449 -155.8314 211.3924 5.01 955
7636.30740 18.7041 0.0453 -165.5196 213.8174 4.71 925
7636.32476 18.1874 0.2529 -3351.5797 1748.3635 4.96 626
7636.34244 18.8721 0.0729 584.0701 290.8543 3.31 663
7636.36095 18.8285 0.1322 400.7158 534.4123 3.50 508
7638.22415 18.8034 0.0638 291.6560 272.2791 5.87 1592
7638.24249 18.7442 0.0500 24.3135 226.9018 5.01 1172
7638.26714 18.6673 0.0467 -345.4898 227.6598 4.84 1139
7638.28524 18.7463 0.0468 33.8350 212.3109 4.59 1003
7638.30339 18.7128 0.0446 -123.8890 208.6548 3.98 884
7638.33274 18.8113 0.0616 326.2207 261.2376 3.68 586
7638.34992 18.6386 0.0757 -490.5222 373.9474 3.92 558
7638.36730 18.6891 0.0890 -238.1247 417.1768 3.86 358
7638.38611 18.9261 0.1780 801.3658 644.5345 4.97 252
7638.39484 18.6444 0.0526 -461.0976 261.2079 4.37 840
7638.40830 18.8043 0.0487 295.6254 209.2341 4.18 908
7639.22128 18.6908 0.0715 -229.7825 337.3922 6.27 1577
7639.24195 18.7769 0.0599 173.8038 262.2940 5.64 1418
7639.26096 18.6719 0.0523 -322.5273 253.1681 5.39 1417
7639.28098 18.7827 0.0546 199.5690 238.4579 4.95 1296
7639.29958 18.8846 0.0525 635.4162 209.0565 4.02 1261
7639.31953 18.6651 0.0552 -356.6174 268.5793 3.96 816
7639.33780 18.7371 0.0670 -8.9807 303.6921 3.54 876
7639.35779 18.7662 0.0726 125.0389 319.3911 2.90 731
7639.38755 18.6548 0.0893 -408.1802 431.7795 2.68 646
7639.40292 19.1057 0.9559 1451.2371 2114.2531 4.18 255
7641.24038 18.9463 0.1030 879.8782 378.6311 6.43 2724
7641.27747 18.8150 0.1039 342.1014 430.6921 6.61 2777
7641.29567 18.6345 0.0782 -511.6304 387.3324 6.85 2764
7641.37164 18.6054 0.1082 -662.9940 543.2261 6.87 1245
7642.24468 18.7391 0.0686 0.4962 310.1331 5.78 2635
7642.27362 18.8557 0.0953 515.9746 382.0650 6.71 2886
7642.29610 18.9281 0.0869 809.2486 327.2616 6.43 1893
7643.22533 18.7201 0.0640 -88.7207 294.6940 4.91 2469
7643.24381 18.8807 0.0719 619.3034 284.6652 5.43 2037
7643.26335 18.6400 0.0636 -483.4020 315.5143 6.02 2181
7643.28138 18.8234 0.0676 378.7169 282.9095 4.78 2318
7643.29932 18.8400 0.0928 449.9338 377.7986 5.67 2531
7643.36886 18.7042 0.0641 -164.7739 299.4901 5.64 1901
7643.39272 18.8282 0.0827 399.1839 342.2151 6.54 2045
7644.22367 18.8033 0.0778 290.9861 329.9446 6.00 2711
7644.24540 18.7680 0.0547 133.2672 242.0001 4.24 1755
7644.27505 18.7655 0.0551 122.0935 244.3406 4.22 1907
7644.29907 18.7408 0.0691 8.2898 311.8222 4.77 2008
7644.31895 18.8397 0.0656 448.4546 270.5140 4.78 2072
7644.33682 18.8757 0.0680 598.8086 271.0710 4.74 1959
7644.35773 18.8047 0.0683 297.1047 290.4081 5.67 2105
7644.37575 18.6258 0.0714 -556.5816 357.7853 5.90 2123
7644.38625 18.8568 0.0801 520.4466 323.0670 5.91 2361
7645.22619 18.6816 0.0527 -274.7042 252.9671 4.01 2068
7645.24707 18.6263 0.0475 -553.5955 240.5774 4.28 1541
7645.26419 18.7574 0.0587 85.3044 261.8239 4.81 1618
7645.29314 18.7825 0.0720 198.6924 312.1341 5.69 1825
7646.23251 18.7923 0.0487 242.6836 211.4437 3.13 1449
7646.25062 18.7500 0.0451 51.2254 203.9559 3.49 1477
7646.26821 18.8819 0.0535 624.3235 213.5943 3.71 1563
7646.28668 18.7249 0.0443 -66.0135 204.9678 2.98 1528
7646.30551 18.6684 0.0438 -339.9377 213.7480 2.92 1662
7646.32355 18.6946 0.0558 -211.3526 264.1788 3.21 1954
7646.38178 18.6820 0.0522 -272.7264 250.2895 3.75 2606
7647.28568 18.7003 0.0536 -183.8986 252.9067 4.35 1632
7647.30428 18.7808 0.0584 191.2435 255.2863 5.30 1734
7647.32181 18.7155 0.0590 -110.7412 273.4301 5.18 1803
7647.34031 18.9062 0.0874 722.4690 335.8053 5.59 2022
7647.36021 18.5495 0.0629 -965.3412 339.4430 6.23 2206
7649.22714 18.6010 0.0597 -686.4402 307.4135 5.99 1602
7649.24518 18.7106 0.0624 -134.1364 290.3951 5.84 1395
7649.26847 18.4458 0.0533 -1569.3757 317.7195 6.81 1439
7649.28605 18.8407 0.0673 452.6552 277.0519 5.96 1457
7649.30528 18.7635 0.0709 113.0017 313.0693 6.59 1568
7650.22609 18.7860 0.0525 214.6148 228.7541 4.09 1526
7650.25706 18.6151 0.0528 -612.1606 269.2072 6.57 1165
7650.28029 18.7590 0.0590 92.3287 262.8951 5.62 1331
7650.29826 18.7994 0.0507 273.8639 218.3892 4.27 1327
7650.31586 18.7126 0.0460 -124.7928 215.3813 4.08 1435
7650.33328 18.7300 0.0525 -42.1334 240.8350 4.97 1534
7650.35221 18.8579 0.0670 525.2070 271.5826 5.64 1702
7650.37080 18.7821 0.0632 197.0756 275.3027 5.58 1704
7651.22681 18.8369 0.0600 436.4549 248.7191 3.12 1551
7651.24472 18.6943 0.0646 -213.0133 304.7336 3.14 1059
7651.26955 18.8656 0.0503 557.0993 204.1399 3.37 1019
7651.28636 18.8138 0.0447 336.9064 190.7481 3.45 1016
7651.30391 18.7977 0.0440 266.2995 190.3045 3.65 1028
7651.32141 18.7826 0.0472 199.3587 206.9641 3.81 1150
7651.34994 18.9834 0.0696 1020.5884 250.9113 5.00 1467
7651.36985 18.5279 0.0635 -1086.6214 349.2275 5.26 1561
7652.24496 18.8117 0.0465 327.8677 198.6613 3.26 976
7652.26337 18.6896 0.0596 -235.5493 283.1047 3.01 1086
7652.27994 18.5809 0.0553 -793.7192 290.6336 3.21 1103
7652.29975 18.8751 0.0493 596.5147 198.4013 3.89 1168
7652.31753 18.8028 0.0422 288.8719 181.7934 3.36 1282
7652.33642 18.7723 0.0445 152.8960 197.2804 3.74 1226
7652.36488 18.4062 0.0522 -1816.1903 322.7540 5.11 1342
7653.23943 18.6118 0.0392 -629.0452 201.6224 2.80 1019
7653.26138 18.7736 0.0437 158.7431 193.3203 2.90 1056
7653.27933 18.7574 0.0527 84.9786 236.0243 3.66 1084
7653.29731 18.7054 0.0392 -159.0389 185.1716 3.68 1086
7653.33133 18.7094 0.0353 -139.8986 166.2595 3.13 1156
7653.34941 18.7764 0.0468 171.5772 206.2893 4.13 1261
7653.36159 18.7822 0.0494 197.6924 216.4025 4.28 1239
7654.22921 18.7292 0.0507 -46.0127 232.8760 4.91 1357
7654.24742 18.7306 0.0497 -39.3361 228.4879 5.34 1124
7654.26580 18.6575 0.0531 -394.7071 260.2665 5.86 1115
7654.28440 18.6674 0.0431 -345.0029 210.4265 4.67 1108
7655.22944 18.7164 0.0499 -106.3604 231.9830 4.56 1469
7655.24905 18.7300 0.0480 -42.0771 220.6266 4.63 1156
7655.26682 18.9645 0.0585 949.6749 215.8924 4.12 1119
7655.28632 18.8273 0.0491 395.3942 206.3198 3.96 1174
7655.31583 18.7187 0.0412 -95.5482 192.2054 3.83 1013
7655.33377 18.8454 0.0447 472.4441 185.1255 3.54 1119
7655.35771 18.8613 0.0542 539.4036 220.2088 4.12 1253
7657.24607 18.5125 0.0794 -1174.4078 439.7622 3.06 1075
7657.26568 18.6309 0.1782 -530.1358 846.6454 2.85 1006
7657.29495 18.7701 0.0488 142.7730 216.2264 4.75 1136
7657.35284 18.2006 0.0446 -3250.3861 334.4157 6.29 1140
7660.24668 18.7164 0.0424 -106.3426 197.8984 4.12 1078
7660.26580 18.8438 0.0448 465.9409 185.7753 3.56 1016
7660.28532 18.8018 0.0481 284.5194 206.9025 3.20 1101
7660.30313 18.7333 0.0398 -26.6692 183.3405 3.69 1116
7660.32089 18.7555 0.0420 76.3567 189.0790 3.66 1144
7660.34212 18.7724 0.0414 153.2621 183.6114 3.55 1113
7661.24002 17.6296 0.2952 -9002.6501 3348.4259 4.65 765
7661.25789 18.6536 0.0628 -414.1924 307.6023 2.80 1031
7661.29373 18.5593 0.1050 -911.1915 550.5716 2.75 910
7661.32295 18.6852 0.0602 -257.3827 287.1712 2.88 1001
7661.34103 18.7430 0.0420 18.5534 191.6182 3.15 1148
7662.23892 18.8385 0.0433 443.3438 180.7817 2.96 1154
7662.25609 18.7630 0.0512 110.6310 228.1188 3.16 1052
7662.28121 18.7377 0.0459 -6.0809 209.7520 4.15 1201
7662.29887 18.7112 0.0447 -131.4964 209.3711 3.96 1163
7662.31657 18.7655 0.0484 122.0701 215.5665 4.49 1208
7662.33568 18.7536 0.0741 67.5575 329.4539 3.89 1266
7663.23876 18.7086 0.0522 -143.8791 244.3968 5.18 1342
7663.25666 18.7933 0.0665 247.1081 285.9686 5.70 1294
7663.27395 18.8101 0.0567 321.0441 241.1327 4.97 1274
7663.29274 18.8979 0.0644 689.3689 251.8755 5.51 1294
7663.31034 18.6490 0.0501 -437.7564 248.1230 5.31 1316
7664.24273 18.8476 0.0569 482.0194 234.0162 4.65 1208
7664.27118 18.6063 0.0487 -658.3010 251.0051 5.71 1238
7664.28857 18.6152 0.0468 -611.4983 239.3263 5.44 1185
7664.30571 18.6956 0.0477 -206.3104 226.6701 5.07 1139
7665.25071 18.7934 0.0544 247.2440 235.4162 5.11 1288
7665.26799 18.7362 0.0493 -12.8623 225.1625 4.67 1271
7665.28507 18.9375 0.0664 845.8778 250.1931 4.61 1281
7665.30378 18.9208 0.0578 780.7242 221.9800 4.51 1237
7665.32836 18.5760 0.0454 -820.3227 240.7447 5.25 1241
7666.24778 18.6382 0.0481 -492.7371 240.6783 5.11 1103
7666.26671 18.7046 0.0689 -162.8290 321.4912 4.55 1145
7666.28407 18.7290 0.0545 -46.9847 250.2301 4.49 1151
7666.30149 18.5990 0.0825 -696.7014 421.4406 5.39 1195
7666.32595 18.4692 0.0559 -1428.0489 325.8508 5.59 1192
7667.26569 18.2496 0.0576 -2883.2476 410.6696 5.59 1293
7667.28528 18.0227 0.0885 -4730.5396 766.6140 5.33 1440
7667.30314 18.4167 0.0606 -1750.0389 369.8553 5.57 1164
7667.32814 18.7270 0.0623 -56.1671 285.5328 5.64 1235
7671.24495 18.7337 0.0383 -24.6175 176.4254 3.01 1353
7671.26294 18.6448 0.0397 -458.9359 198.0911 3.31 1379
7671.28241 18.8610 0.0783 537.9116 314.7403 4.47 2546
7671.30040 18.7730 0.0760 156.2291 331.8074 5.25 2555
7672.24525 18.7996 0.0550 274.8232 236.6702 5.08 1356
7672.27422 18.6639 0.0507 -362.7333 247.3996 5.12 1387
7672.29391 18.5290 0.0524 -1080.2001 289.1803 6.59 1461
7672.30880 18.6741 0.0543 -312.0092 262.1403 5.68 1477
7673.30895 18.7184 0.0612 -96.7701 282.7941 5.23 1950
7674.23688 18.5617 0.0885 -897.9866 466.5394 5.64 2526
7674.27565 18.7356 0.0599 -15.9529 272.7167 5.77 1760
7674.30327 18.5633 0.0572 -889.0922 305.6341 6.32 1915
7675.27071 18.8794 0.0813 613.9936 320.8080 6.04 1754
7675.28881 18.5678 0.0610 -864.7324 323.6592 6.62 1843
7678.24759 18.6437 0.0713 -464.4309 351.3394 6.03 1901
7679.26906 18.7463 0.0723 33.8708 324.1811 6.25 1651
7679.29069 18.6326 0.0651 -521.2304 324.8495 6.57 1993
7681.25403 19.0266 0.1110 1178.3599 377.4991 4.48 1106
7681.28111 18.8506 0.0645 494.5506 263.6491 4.59 1272
