7441.62551 18.7722 0.0561 152.2633 247.3503 5.04 2311
7442.58149 18.9124 0.0788 747.3164 302.2120 5.29 2629
7442.61075 18.7792 0.0504 184.2143 221.3488 6.06 1831
7443.57409 18.6774 0.0552 -295.5847 265.7923 5.46 2205
7443.60038 18.7774 0.0479 176.0027 211.0844 4.64 2069
7443.62712 18.8012 0.0463 281.8695 199.4718 4.05 1845
7444.60877 18.8888 0.0711 652.6783 279.5173 6.66 2111
7444.63193 18.8731 0.0691 588.3412 275.7832 6.12 2154
7446.56390 18.7777 0.0665 177.0691 290.2525 6.43 2325
7446.59036 18.6707 0.0590 -328.8565 285.0150 6.55 2332
7446.61409 18.6937 0.0591 -215.5478 279.8651 6.22 2138
7447.59495 18.7153 0.0450 -111.7941 210.0790 4.70 2005
7447.62077 18.7305 0.0378 -39.7846 174.5550 3.55 1945
7448.60944 18.6861 0.0490 -252.7219 234.4064 5.47 2197
7448.63180 18.7219 0.0440 -80.2986 204.4328 4.02 2155
7449.58253 18.7289 0.0520 -47.5074 238.8741 4.66 2647
7449.60607 18.8289 0.0510 402.3691 214.0361 4.28 2428
7450.56274 18.8890 0.0687 653.3027 270.1862 6.17 2368
7450.58821 18.6684 0.0598 -339.9685 289.6486 6.04 2415
7450.62384 18.7264 0.0535 -59.2443 246.3344 5.74 2020
7451.56725 18.8869 0.0757 644.6516 297.4006 6.27 2469
7451.62400 18.7510 0.0456 55.6056 205.7695 4.11 2092
7452.56995 18.7312 0.0457 -36.4399 210.3686 4.77 1693
7452.59290 18.7589 0.0426 92.1687 191.3099 4.21 1621
7452.61664 18.7461 0.0326 32.8104 148.9856 3.06 1477
7452.64064 18.7302 0.0393 -41.1303 181.5041 3.66 2213
7454.59111 18.6746 0.0481 -309.3158 232.6767 5.95 1621
7454.61439 18.7493 0.0458 47.6030 207.2994 4.62 1557
7457.53916 18.7245 0.0353 -68.2876 163.9375 3.86 1536
7457.56179 18.8084 0.0380 313.6222 163.2139 3.67 1457
7457.59810 18.7153 0.0293 -111.7556 137.7543 3.21 1267
7457.62269 18.7519 0.0371 59.6034 168.0400 4.04 1440
7457.64486 18.7010 0.0284 -180.2361 135.5714 3.04 1431
7459.57080 18.7354 0.0584 -16.9903 266.0113 6.44 1942
7459.59196 18.7030 0.0591 -170.8812 277.4230 6.66 1828
7459.61313 18.7542 0.0435 70.3062 196.0096 4.36 1559
7459.63743 18.7052 0.0424 -160.0170 200.0415 4.56 1532
7460.53210 18.8238 0.0667 380.4924 278.9554 6.89 1974
7460.55340 18.6573 0.0465 -395.4670 228.8181 5.70 1818
7460.57466 18.8853 0.0551 638.1513 218.8567 5.54 1755
7460.59581 18.7581 0.0414 88.2758 186.0515 4.07 1635
7460.61656 18.7398 0.0415 3.9592 189.7049 4.09 1545
7460.63780 18.7893 0.0400 228.9968 175.0302 3.67 1485
7462.56503 18.7456 0.0499 30.6419 225.9167 5.97 1466
7462.58611 18.8505 0.0472 494.1297 194.4894 4.97 1339
7462.60695 18.7329 0.0406 -28.4488 186.9378 4.33 1477
7462.62861 18.7450 0.0403 27.7920 183.5975 4.06 1423
7462.64929 18.7557 0.0428 77.3844 192.8351 3.94 1906
7464.52721 18.7330 0.0447 -28.2580 205.4270 4.64 1385
7464.54992 18.7645 0.0435 117.5179 194.1186 4.38 1830
7464.55229 18.7172 0.0409 -102.4487 190.9172 4.05 1830
7464.57524 18.7178 0.0383 -99.9269 179.1511 3.74 1921
7464.59857 18.7435 0.0421 20.8585 191.7124 3.90 1867
7464.62202 18.6991 0.0365 -189.2920 173.7015 3.40 1784
7465.54340 18.7893 0.0493 229.2995 214.4612 5.91 1451
7465.56588 18.7810 0.0466 192.2465 204.4321 4.97 1553
7465.58794 18.6857 0.0451 -254.5127 216.4031 6.23 1566
7465.61032 18.7494 0.0493 48.4633 222.4937 5.31 1595
7465.63300 18.8332 0.0435 420.8049 182.2221 3.96 1532
7466.53514 18.7246 0.0467 -67.5849 215.9940 5.11 1619
7466.55712 18.7831 0.0518 201.3203 226.4166 5.39 1664
7467.51278 18.7118 0.0587 -128.6023 273.1409 5.91 1224
7467.53498 18.7392 0.0498 0.9647 226.7818 5.56 1807
7467.56026 18.7823 0.0453 198.0387 198.9488 4.49 1689
7467.58817 18.7371 0.0392 -8.8303 179.6590 3.91 1413
7467.63094 18.8096 0.0415 318.6378 177.9179 4.16 1432
7467.65356 18.6963 0.0409 -202.8624 194.5624 3.94 1738
7470.53114 14.3031 0.3693 -296061.1101 86827.2339 5.47 2097
7470.61758 13.7795 0.1407 -482672.2554 59299.3829 3.03 1513
7476.48663 18.7063 0.0804 -154.5915 372.2226 6.02 1641
7476.50894 18.8682 0.0654 568.1305 262.8556 6.19 2190
7476.52996 18.7917 0.0558 239.9657 241.7815 5.20 2276
7476.55116 18.7711 0.0469 147.2826 207.6790 4.15 2088
7476.58423 18.8844 0.0619 634.7254 245.4849 4.90 2383
7476.60608 18.7226 0.0519 -77.2357 239.7541 4.27 2912
7476.62759 18.7682 0.0480 134.5035 213.1158 4.10 2246
7476.65191 18.7192 0.0450 -93.0820 209.5393 4.11 2379
7479.47583 18.8524 0.0601 502.2419 245.5084 5.50 1986
7479.50057 18.9014 0.0646 703.3674 251.8839 5.38 2260
7479.52040 18.7682 0.0608 134.4123 268.4747 6.01 2340
7479.54425 18.6931 0.0476 -218.4485 226.4396 4.79 1862
7479.56392 18.8105 0.0515 322.6325 219.4172 4.28 2200
7480.59039 18.4227 0.1375 -1712.1912 806.1246 5.18 2904
7480.60763 18.8203 0.0561 365.3490 236.4187 5.42 1620
7481.48077 18.7442 0.0461 24.1827 209.5522 5.03 1232
7481.52932 18.7554 0.0559 75.6990 250.2258 5.93 1304
7481.54686 18.7588 0.0509 91.5727 227.5555 5.59 1247
7481.56557 18.8280 0.0403 398.6618 169.8554 3.53 1255
7481.58364 18.7869 0.0372 218.3161 163.0405 3.35 1225
7481.60234 18.6663 0.0374 -350.3802 183.2530 3.76 1190
7481.62119 18.6931 0.0358 -218.5824 171.4461 3.11 1099
7481.63968 18.7838 0.0472 204.7360 206.8374 5.22 1220
7481.66018 18.7755 0.0436 167.3285 192.5758 4.17 1332
7482.46711 18.6628 0.0429 -368.1739 210.3649 4.97 1192
7482.48578 18.7958 0.0426 258.1797 185.0074 4.47 1014
7482.51677 18.7301 0.0416 -41.5665 191.6642 4.94 1068
7482.53693 18.8074 0.0430 309.1127 184.6804 4.35 1147
7482.55595 18.7394 0.0508 1.6577 231.4300 5.05 1235
7482.57363 18.7619 0.0465 105.4925 207.9408 4.50 1284
7482.60872 18.7908 0.0357 235.7487 156.1330 3.10 1088
7482.62599 18.8102 0.0368 321.4448 158.0571 3.53 1079
7482.64542 18.7499 0.0407 50.5206 184.5862 3.66 1049
7486.46627 18.8192 0.0383 360.3338 162.8624 3.70 1032
7486.49414 18.7717 0.0335 150.3563 149.4710 3.42 1003
7486.52040 18.7785 0.0338 180.9825 149.4382 3.16 1073
7488.44933 18.6992 0.0494 -188.8116 233.3837 5.81 1141
7488.47142 18.7975 0.0487 265.4292 210.2712 5.19 1146
7488.49007 18.8543 0.0476 510.1871 195.4113 4.94 1027
7488.51646 18.8866 0.0571 643.4519 226.5841 5.92 1064
7488.54554 18.6794 0.0537 -285.8327 258.0863 6.49 1046
7488.56413 18.7568 0.0433 82.1701 194.8899 4.63 1052
7488.58268 18.8032 0.0446 290.8210 192.1823 4.81 1058
7488.60267 18.7185 0.0506 -96.6177 234.7276 6.19 1174
7488.62551 18.7202 0.0432 -88.4728 201.0018 4.90 1071
7488.65163 18.7934 0.0381 247.2425 166.1704 3.78 993
7489.45112 18.7213 0.0445 -83.2927 206.6054 4.89 1085
7489.47455 18.7329 0.0400 -28.3332 184.0133 4.40 1075
7489.49246 18.8221 0.0411 373.1448 174.0072 3.86 1029
7489.51029 18.7074 0.0357 -149.5915 168.5548 3.80 1000
7489.52883 18.8046 0.0372 296.6405 160.3704 3.44 1047
7489.56161 18.7253 0.0376 -64.1516 174.4466 3.85 1028
7489.57913 18.8068 0.0422 306.4220 181.4509 3.93 1138
7489.59832 18.7528 0.0385 64.1600 174.0727 3.69 1084
7489.61732 18.8466 0.0393 477.8281 163.1090 3.25 1154
7489.64313 18.7431 0.0377 19.2894 172.0429 3.67 1287
7489.66299 18.7747 0.0411 163.7531 181.9602 3.92 1347
7490.44462 18.8430 0.0964 462.4568 390.8109 6.38 1022
7490.46910 18.6918 0.0870 -224.9976 407.1716 4.67 1045
7490.49129 18.8768 0.0501 603.3569 201.2598 4.21 1055
7490.50874 18.7229 0.0426 -75.6046 197.5685 3.95 1091
7490.52699 18.6969 0.0323 -200.1127 154.0319 3.28 1056
7490.54459 18.7494 0.0360 48.1294 163.7609 3.43 1127
7490.57328 18.7729 0.0403 155.8148 178.7629 3.32 1181
7490.59062 18.6968 0.0400 -200.6645 190.3325 3.35 1182
7490.60844 18.7366 0.0349 -10.9946 160.4228 3.17 1120
7490.62942 18.7411 0.0590 9.9335 267.2537 3.21 1295
7490.64914 18.7376 0.1110 -6.6760 492.7463 3.31 1294
7491.47339 18.7425 0.0395 16.3262 180.2065 4.39 997
7491.49156 18.8409 0.0409 453.6045 170.2883 3.94 986
7491.51235 18.7268 0.0484 -57.2876 223.3430 5.71 1063
7491.52973 18.7219 0.0510 -80.3890 236.0314 5.54 1123
7491.54838 18.7171 0.0422 -103.0406 196.8775 4.69 1147
7491.58108 18.7730 0.0406 156.1276 179.9183 3.66 1110
7491.59930 18.7466 0.0477 35.3529 216.0285 4.93 1202
7491.61782 18.7010 0.0369 -180.5495 175.4279 3.73 1187
7491.63875 18.8369 0.0394 436.6048 164.8990 3.61 1099
7491.65893 18.7228 0.0356 -75.8908 165.5679 3.30 1024
7492.44977 18.8536 0.0726 507.2940 294.7948 6.76 686
7492.46819 18.7534 0.0489 66.7019 220.0457 5.07 991
7492.48664 18.7072 0.0469 -150.3694 220.3074 5.61 1005
7492.50542 18.6919 0.0379 -224.6426 181.3039 4.22 1055
7492.52549 18.7308 0.0336 -38.4939 155.4920 3.28 1049
7492.54493 18.6973 0.0312 -198.0762 148.9984 2.98 1066
7492.57213 18.8096 0.0372 318.8332 159.8635 3.27 1136
7492.60639 18.7580 0.0350 87.9810 157.9013 3.29 1132
7492.62579 18.7116 0.0442 -129.5019 207.2531 2.92 1153
7492.65086 18.6677 0.0273 -343.8644 134.1537 3.10 1086
7493.44854 18.6525 0.0447 -420.0223 221.0955 4.64 821
7493.47054 18.8927 0.0457 668.1286 181.2782 4.26 1063
7493.48904 18.7561 0.0371 79.2992 167.6115 3.80 1021
7493.50762 18.6977 0.0353 -196.2233 168.3792 3.91 1074
7493.52654 18.7681 0.0344 134.0993 153.7307 3.30 986
7493.54549 18.7580 0.0334 87.8047 150.9366 3.35 1076
7493.56453 18.7955 0.0412 256.6486 179.0235 3.98 1125
7493.59526 18.7787 0.0411 181.7391 181.4795 3.87 1129
7493.61409 18.8160 0.0442 346.4850 187.9590 4.24 1244
7493.63956 18.6998 0.0460 -186.1977 217.5199 4.83 1380
7493.66011 18.7582 0.0410 88.5862 184.4310 4.01 1201
7494.44069 18.9291 0.0726 813.2065 275.0180 5.80 667
7494.45978 18.7254 0.0411 -63.9982 190.4326 4.48 1003
7494.47823 18.7839 0.0425 205.3019 186.6231 4.63 1009
7494.49683 18.7567 0.0788 81.7341 348.8126 4.32 829
7494.51768 18.7839 0.0371 204.9508 163.0820 3.70 974
7494.53634 18.6817 0.0396 -274.4959 191.2557 4.35 1108
7494.55509 18.7883 0.0470 224.7171 204.9754 3.66 1171
7494.59113 18.8128 0.0502 332.5406 213.6910 4.94 1264
7494.61172 18.7582 0.0401 88.6391 180.3003 3.92 1211
7494.63218 18.6895 0.0331 -236.0637 159.0845 3.18 1221
7494.65146 18.7409 0.0324 8.7184 148.4631 2.84 1170
7494.67334 18.7445 0.0421 25.3717 191.7117 3.53 2170
7496.46128 18.8141 0.0443 338.2546 188.7108 4.03 1255
7496.47992 18.7521 0.0350 60.5768 158.5560 3.28 1202
7496.49852 18.7265 0.0306 -58.6231 142.1416 3.10 1238
7496.51703 18.7168 0.0294 -104.6657 138.2224 2.69 1270
7496.53563 18.7255 0.0290 -63.4635 135.2762 2.57 1204
7496.58863 18.7421 0.0369 14.2482 168.9012 2.86 1122
7496.61925 18.8753 0.0696 597.1682 277.4671 3.57 1057
7496.64052 18.7295 0.0330 -44.6949 152.7126 3.11 1224
7496.65924 18.7286 0.0893 -48.7179 403.4826 3.18 1121
7497.43349 18.6712 0.0681 -326.3179 327.7087 5.74 1528
7497.45190 18.8278 0.0468 397.4049 196.8113 3.90 1384
7497.47037 18.7433 0.0374 19.8546 170.6906 3.58 1306
7497.48915 18.7075 0.0388 -149.2655 182.9498 3.13 1275
7497.50798 18.8183 0.0479 356.5896 203.2020 4.75 1277
7497.55055 18.6797 0.0467 -283.9940 225.0673 4.20 1492
7497.57324 18.7109 0.0322 -132.7874 152.0114 2.94 1217
7497.59214 18.5769 0.0742 -815.0734 388.5267 2.97 1337
7497.62500 18.8419 0.0494 457.6956 204.8306 3.74 1181
7497.64413 18.7440 0.0373 23.0418 170.3552 3.33 1194
7497.66481 18.7265 0.1064 -58.4855 478.1821 5.83 1229
7498.42991 18.6659 0.0544 -352.8213 264.8659 5.19 1374
7498.45099 18.7371 0.0449 -8.8604 205.4344 4.23 1502
7498.47206 18.7977 0.0441 266.3442 190.9042 3.95 1310
7498.49281 18.7226 0.0369 -77.0824 171.6749 3.40 1251
7498.52361 18.7774 0.0408 175.9040 180.0955 3.84 1259
7498.54296 18.8783 0.0423 609.4786 170.0284 3.55 1220
7498.56135 18.7338 0.0419 -24.1478 192.7618 3.59 1391
7498.57971 18.7249 0.0327 -65.9643 152.1445 3.06 1217
7498.61091 18.7585 0.0352 89.9477 158.5324 3.37 1443
7498.64736 18.7836 0.0408 203.7838 179.2479 3.67 1412
7498.66577 18.8422 0.0444 459.2208 184.4598 3.73 1417
7502.43715 18.7199 0.0615 -89.9162 283.5914 5.40 2305
7502.46546 18.6921 0.0571 -223.5761 271.0403 5.40 2275
7502.48992 18.7499 0.0464 50.3826 209.5271 3.64 2058
7502.51403 18.7181 0.0515 -98.1918 238.9185 3.88 2072
7502.54160 18.6506 0.0428 -429.4361 212.1963 4.18 1789
7502.57063 18.8326 0.0481 418.0910 201.1201 3.98 1764
7503.41552 18.5428 0.0795 -1003.0120 428.2474 5.57 2010
7503.44316 18.8362 0.0678 433.5197 280.0495 5.86 2339
7503.47085 18.8928 0.0669 668.6334 262.5923 5.27 2202
7503.50223 18.8003 0.0534 277.9500 229.7697 4.30 2171
7503.53138 18.8062 0.0573 303.8618 244.4401 4.50 2154
7503.56449 18.8520 0.0516 500.2621 211.7199 3.76 1930
7503.59091 18.8026 0.0422 288.2471 182.1828 3.38 1899
7504.46406 18.7397 0.0731 3.1064 329.2936 6.13 2635
7504.48871 18.8595 0.0575 531.6425 233.7131 3.94 2543
7504.51320 18.8295 0.0566 405.0840 236.6378 3.84 2845
7504.57058 18.7155 0.0523 -111.0066 243.2930 4.05 2938
7505.48040 18.7226 0.0539 -77.2349 248.8138 4.26 2601
7505.50451 18.7721 0.0530 151.7964 234.0288 3.99 2443
7506.52272 18.6879 0.0461 -243.7405 220.5647 3.55 2998
7506.60502 18.7115 0.0361 -129.8333 169.8998 3.23 1619
7506.63605 18.6844 0.0361 -260.9385 174.2211 3.47 1623
7506.66522 18.7397 0.0403 3.0651 184.4576 3.21 1793
7507.40406 18.8120 0.0542 329.2954 230.3374 5.04 1598
7509.41290 18.7836 0.0454 203.7171 199.0034 5.14 968
7509.43838 18.7657 0.0372 122.8013 166.1741 3.71 875
7509.46798 18.7208 0.0353 -85.4271 164.6432 3.70 984
7509.49760 18.8048 0.0418 297.7822 180.1672 4.04 1107
7509.53294 18.7383 0.0437 -3.2867 200.0620 4.38 1244
7509.55767 18.7948 0.0433 253.7174 188.0651 3.94 1346
7509.58462 18.7889 0.0405 227.3536 177.2083 3.72 1166
7509.61303 18.7252 0.0467 -64.9376 215.8875 3.08 1221
7509.63731 18.8487 0.0432 486.6271 178.6774 3.55 1326
7510.41867 18.7088 0.0308 -142.6394 145.6275 3.52 942
7510.44287 18.7196 0.0309 -91.1411 144.8191 3.27 877
7510.46725 18.7428 0.0299 17.4919 137.1689 2.91 920
7510.49591 18.7033 0.0274 -169.1405 130.4822 2.93 997
7510.52606 18.6456 0.0462 -455.0334 229.7782 2.85 920
7510.55771 18.7320 0.0445 -32.5219 204.6506 3.11 1099
7510.58676 18.6982 0.0455 -193.9686 215.7891 2.80 1185
7510.61281 18.7233 0.0316 -73.6009 147.4953 3.22 1216
7510.63909 18.7662 0.0367 125.0690 164.0718 3.41 1320
7510.66533 18.7877 0.0587 222.1771 254.9447 2.85 1264
7511.39101 18.7950 0.0382 254.4140 166.2065 3.72 1031
7511.43083 18.7284 0.0371 -49.6626 171.5583 3.26 928
7511.45450 18.7279 0.0293 -51.8328 136.0908 2.92 948
7511.48085 18.7525 0.0336 62.5017 152.3747 3.24 1021
7511.50491 18.7340 0.0364 -23.3507 167.8024 3.71 1075
7511.53317 18.7656 0.0347 122.3278 155.3129 3.28 974
7511.57146 18.7227 0.0519 -76.6384 239.8669 3.22 1080
7511.60134 18.7159 0.0428 -108.6791 200.0385 3.22 1231
7511.62546 18.8422 0.0711 458.9871 291.7023 4.08 1354
7511.65074 18.8545 0.0467 510.7662 191.5404 3.62 1277
7512.40788 18.7191 0.0514 -93.7905 238.2561 5.55 1805
7512.41173 18.9463 0.0646 880.0020 241.5420 6.31 1819
7512.45457 18.8572 0.0493 522.2461 201.6265 5.12 1026
7512.47731 18.6494 0.0406 -435.3873 201.8224 5.09 1033
7512.50025 18.7836 0.0370 203.9031 162.7718 3.48 1053
7512.53474 18.8751 0.0478 596.4801 192.3463 2.90 1227
7512.54384 18.7158 0.0314 -109.3914 147.4429 3.12 1080
7512.57008 18.7914 0.0421 238.6868 183.4518 4.09 1117
7512.60199 18.7128 0.0400 -123.4280 187.4996 4.01 1288
7512.62536 18.7092 0.0505 -140.9899 236.2906 5.62 1421
7513.40171 18.7187 0.0376 -95.6289 175.8082 4.21 786
7513.42725 18.7901 0.0338 232.9709 148.1537 3.15 918
7513.45446 18.8488 0.0360 487.1464 149.1116 3.34 962
7513.48549 18.7212 0.0347 -83.5872 161.9192 3.78 992
7513.51934 18.7857 0.0395 212.9446 173.1405 3.91 1118
7513.54901 18.6849 0.0310 -258.4875 149.9726 2.67 1060
7513.57892 18.6970 0.0275 -199.8373 131.4774 2.89 923
7513.61140 18.6406 0.0321 -480.1063 161.5086 2.84 1043
7513.64860 18.7586 0.0376 90.3868 169.3091 3.53 1202
7514.40432 18.6129 0.0415 -623.7821 213.4884 5.12 923
7514.42979 18.8118 0.0404 328.3035 172.9413 3.94 1007
7514.45706 18.8156 0.0410 345.0149 174.9207 4.07 984
7514.48543 18.7542 0.0345 70.3926 156.2896 3.44 974
7514.51125 18.7714 0.0357 148.9773 158.8561 3.79 1008
7514.54699 18.7804 0.0391 189.5557 172.1646 4.09 1035
7514.58022 18.6697 0.0293 -333.4450 143.5532 3.14 1095
7514.61514 18.7090 0.0322 -141.8685 152.2146 3.16 1201
7514.64521 18.7522 0.0352 61.3284 159.5182 3.12 1264
7518.39479 18.8586 0.0439 527.9728 179.7438 4.51 816
7518.42750 18.7562 0.0382 79.7882 172.0965 4.07 948
7518.45268 18.7288 0.0386 -47.7619 178.4491 4.35 873
7519.38701 18.7643 0.0291 116.6214 130.9585 3.10 850
7519.41653 18.7416 0.0291 12.2966 133.7559 2.72 839
7519.44007 18.7361 0.0252 -13.6344 116.3832 2.78 882
7519.47302 18.6770 0.0324 -297.4300 157.6413 2.51 868
7519.50095 18.6665 0.0378 -349.7614 185.0480 3.02 962
7519.53669 18.7300 0.0303 -42.3769 140.5184 2.75 976
7519.58675 18.7041 0.0304 -165.4082 144.2908 2.89 1060
7519.61193 18.7613 0.0329 103.1462 148.2299 2.97 1091
7519.64357 18.7291 0.0355 -46.5129 164.4463 3.24 1265
7520.38091 18.7133 0.0398 -121.4419 186.7210 4.28 1151
7520.40597 18.8276 0.0375 396.8791 158.2414 3.42 1070
7520.43369 18.8328 0.0381 419.0746 159.9747 3.47 990
7520.45918 18.7293 0.0588 -45.6474 269.1516 4.44 1097
7520.49137 18.8091 0.0842 316.7032 353.9749 4.17 1112
7520.51748 18.8086 0.0386 314.2167 165.6527 3.31 1040
7520.54279 18.8667 0.0511 561.6674 207.0841 4.17 1152
7520.57055 18.6889 0.0373 -239.2329 178.9181 3.34 1276
7520.59511 18.8407 0.0467 452.4933 193.9412 3.38 1293
7520.66805 18.7395 0.8863 2.2260 2823.4648 6.30 997
7523.37245 19.2390 0.6212 1868.5252 1391.8231 4.89 2453
7523.39966 18.6448 0.2262 -459.1157 1038.5785 4.00 2166
7523.42462 18.7158 0.0338 -109.2528 158.7543 2.97 1250
7523.45175 18.7237 0.0282 -71.6957 131.6041 2.85 1051
7523.48084 18.7303 0.0282 -40.6999 130.9229 3.03 988
7523.50854 18.6786 0.0284 -289.7884 138.0234 2.89 959
7523.53527 18.7262 0.0345 -60.0452 160.3346 3.53 1098
7523.57066 18.7695 0.0325 140.3235 145.2989 2.98 1096
7523.59838 18.7026 0.0372 -172.5267 176.3864 3.66 1178
7523.62560 18.7371 0.0378 -8.9749 173.6790 3.77 1267
7523.64912 18.7262 0.0376 -59.8719 174.2098 3.52 1319
7523.67193 18.7158 0.0349 -109.4065 163.6119 3.23 1283
7524.35930 18.7142 0.0377 -116.7904 176.7953 3.55 1292
7524.38400 18.7463 0.0419 33.8296 190.5489 3.57 1101
7524.40823 18.7375 0.0369 -7.2023 169.3419 3.21 1261
7524.46875 18.7414 0.0315 10.9648 144.6470 3.00 983
7524.49331 18.7631 0.0383 111.2801 171.8419 3.12 928
7524.51933 18.6631 0.0378 -366.6138 185.5761 2.78 858
7524.54730 18.7583 0.0308 89.1042 139.2418 2.99 969
7524.57763 18.6203 0.0516 -584.9308 262.3236 2.72 1084
7524.60188 18.7794 0.0401 185.1246 176.8541 3.77 1209
7524.62634 18.6983 0.0361 -193.4628 172.1063 3.51 1298
7524.65220 18.7581 0.0427 88.2531 191.8264 4.00 1344
7525.36914 18.7928 0.0467 244.6846 202.8746 4.11 1501
7525.40036 18.7322 0.0381 -31.8750 175.6792 3.64 1324
7525.43214 18.7561 0.0360 78.9771 162.6197 3.27 1262
7525.45684 18.7543 0.0354 71.0533 160.1480 3.26 1185
7525.48186 18.7417 0.0335 12.6328 153.6469 3.12 1151
7525.50832 18.7336 0.0366 -25.3276 168.5445 2.96 1097
7525.55343 18.7481 0.0337 42.0311 153.6708 3.17 1156
7525.57999 18.6995 0.0294 -187.5853 140.0516 3.07 1170
7525.60488 18.7101 0.0360 -136.3515 169.6445 3.10 1310
7526.35576 18.6997 0.0515 -186.4615 242.9855 5.37 1607
7526.37981 18.6440 0.0456 -463.1688 227.3127 5.02 1487
7526.41041 18.7508 0.0485 54.8963 218.9789 4.88 1436
7526.43360 18.7417 0.0463 12.7753 210.8435 4.40 1484
7526.45771 18.7396 0.0412 2.9084 188.5105 3.99 1385
7526.48265 18.7725 0.0496 153.7973 219.1134 4.98 1375
7526.51170 18.7574 0.0415 85.1254 186.4669 3.96 1307
7526.56075 18.6838 0.0458 -264.0620 220.0472 4.23 1898
7526.58415 18.7444 0.0505 24.9356 229.1628 5.37 1554
7526.61017 18.7304 0.0449 -40.2834 206.5405 4.57 1389
7526.63301 18.6941 0.0430 -213.7432 205.0932 4.48 1477
7529.39428 18.7996 0.0739 274.8099 315.1637 5.58 2930
7529.41872 18.8145 0.0669 340.2247 282.0912 5.13 2656
7529.44334 18.6627 0.0560 -368.7703 273.1037 5.24 2389
7529.46856 18.7283 0.0529 -50.2820 242.9424 4.59 2255
7529.50040 18.7423 0.0620 15.1926 280.2853 6.13 2287
7529.53060 18.7388 0.0687 -1.1326 310.5223 6.82 2475
7534.46520 18.6722 0.0491 -321.2238 237.9658 2.96 2942
7534.52319 18.7199 0.0370 -89.7125 172.8253 3.04 1586
7534.54783 18.8131 0.0501 333.9289 213.2833 3.71 1661
7534.57276 18.6776 0.0367 -294.5916 178.2548 3.04 1848
7534.59564 18.7009 0.0515 -180.8406 242.9258 3.74 2028
7534.62113 18.7518 0.0460 59.4373 207.5182 3.72 2096
7534.67263 18.7542 0.0525 70.5760 235.6304 4.36 2292
7535.34265 18.7887 0.0595 226.7075 258.0036 5.24 1356
7535.36640 18.6536 0.0523 -414.4131 257.6282 5.30 1508
7535.39323 19.8834 0.3324 3298.4123 465.3127 4.09 2830
7535.39512 15.5455 0.6692 -90836.8944 44121.9004 4.03 2498
7535.42392 18.7025 0.0470 -173.1007 222.0312 3.84 2429
7535.46396 18.7899 0.0511 232.0485 222.2882 3.69 2314
7535.56665 18.6492 0.0466 -436.7046 230.8999 5.46 1733
7535.59303 18.7061 0.0474 -155.9861 222.9840 4.50 1682
7535.62800 18.7385 0.0589 -2.5119 267.4511 5.77 2037
7535.65451 18.7124 0.0563 -125.7542 262.0172 5.13 2115
7535.68429 18.7241 0.0670 -69.8080 307.3044 5.95 2590
7536.35942 18.6593 0.0445 -385.6132 218.5828 5.07 1302
7536.38442 18.7551 0.0452 74.3376 203.6300 4.55 1368
7536.40951 18.9179 0.0698 768.9873 267.4899 6.63 1498
7536.43623 18.7142 0.0432 -117.0263 202.0584 3.80 1698
7536.46090 18.7274 0.0428 -54.2934 197.9632 3.97 1596
7536.49294 18.7314 0.0401 -35.6166 184.7582 3.64 1429
7536.52219 18.7598 0.0409 95.8879 183.8031 3.94 1189
7536.54870 18.7326 0.0423 -30.1394 194.4725 4.43 1143
7536.57388 18.7960 0.0426 259.0985 184.7542 3.95 1267
7536.59975 18.7712 0.0468 148.1073 207.5447 4.47 1412
7536.64458 18.6775 0.0506 -295.1791 244.0627 5.15 1796
7536.66873 18.6652 0.0555 -356.1326 270.1679 5.62 1936
7537.37013 18.7726 0.0498 154.4604 219.8927 5.35 1230
7537.39324 18.8102 0.0445 321.2271 190.3738 4.43 1045
7537.42525 18.6964 0.0431 -202.5888 204.8837 5.29 1080
7537.45271 18.7214 0.0404 -82.9444 187.8271 4.31 1110
7537.47612 18.7178 0.0422 -99.9702 196.6963 4.62 1181
7537.50568 18.7168 0.0423 -104.7875 197.6401 4.93 1143
7537.53310 18.8042 0.0434 294.8926 186.6414 4.03 1133
7537.56502 18.6804 0.0410 -280.7902 197.9926 4.17 1309
7537.59487 18.7984 0.0529 269.7359 227.8033 5.09 1423
7537.61993 18.6858 0.0492 -254.3954 235.7183 5.39 1553
7537.64504 18.7260 0.0492 -60.7952 226.9778 5.00 1705
7537.66906 18.7689 0.0542 137.5149 239.6633 4.91 1924
7538.34053 18.7150 0.0458 -113.2287 213.8911 5.04 1283
7538.36357 18.7620 0.0450 105.9692 201.3541 4.87 1081
7538.39065 18.7178 0.0397 -100.0505 185.5029 4.24 1079
7538.41898 18.8072 0.0369 308.2569 158.8493 3.62 991
7538.44349 18.7022 0.0360 -174.4892 170.7168 3.83 1013
7538.47458 18.8248 0.0401 384.8525 169.7450 3.69 1105
7538.49875 18.7649 0.0386 119.5300 172.8527 3.25 1206
7538.53204 18.7305 0.0397 -39.6947 183.0987 3.93 1244
7538.55989 18.7124 0.0407 -125.3711 190.8446 3.94 1450
7538.58269 18.7103 0.0530 -135.4174 247.8154 5.20 1575
7538.60983 18.7186 0.0480 -96.0016 223.0974 4.48 1668
7538.64355 18.6803 0.0457 -281.2460 220.0948 4.47 1625
7538.66987 18.7217 0.0518 -81.3815 239.8533 5.06 1582
7539.33340 18.6817 0.0404 -274.2775 195.0331 4.52 1014
7539.36140 18.7661 0.0405 124.6711 180.9168 4.24 946
7539.38865 18.8188 0.0426 358.9813 181.0562 3.90 903
7539.41694 18.7122 0.0351 -126.7622 164.9660 3.39 823
7539.44432 18.7812 0.0322 192.9187 142.2713 3.13 867
7539.46757 19.0146 0.1492 1134.9888 504.3394 3.93 856
7539.49267 18.8101 0.0812 321.1199 341.7632 3.85 990
7539.52001 18.7745 0.0383 162.7197 169.6315 3.77 1011
7539.55106 18.7055 0.0405 -158.4948 191.3329 3.85 1123
7539.58904 18.8387 0.1657 444.1942 653.6799 4.16 1419
7539.61192 18.6673 0.0822 -345.6508 394.5644 4.66 1448
7539.63696 19.1471 0.3072 1586.1125 856.8237 4.69 1546
7539.65981 18.7374 0.0603 -7.4336 274.1144 5.64 1377
7539.68412 18.5782 0.0517 -808.0670 272.8646 5.78 1536
7540.33804 18.2842 0.3072 -2634.0581 1896.7396 6.99 616
7540.36453 18.7452 0.0408 28.7239 185.7474 4.56 899
7540.38852 18.6113 0.0481 -631.7694 246.9984 4.82 912
7540.41162 18.6481 0.0428 -442.2258 212.9742 5.37 1009
7540.43822 18.6952 0.0321 -208.3781 153.7795 3.61 910
7540.47622 18.7142 0.0375 -116.8021 175.6526 4.25 903
7540.50067 18.6765 0.0367 -299.8770 178.4221 4.30 991
7540.53175 18.6788 0.0365 -288.6278 176.8865 4.30 1002
7540.55694 18.8658 0.0396 558.0992 161.2476 3.90 998
7540.58087 18.7277 0.0502 -52.7336 231.2729 6.02 1091
7540.61791 18.7529 0.0405 64.3740 182.8012 4.12 1076
7540.64856 18.7308 0.0381 -38.2286 175.9044 3.93 1094
7540.67316 18.7268 0.0452 -57.3294 208.9449 4.88 1209
7541.31850 18.5682 0.0518 -862.6680 276.0911 4.79 808
7541.34276 18.7412 0.0371 10.3522 169.7914 3.69 988
7541.36736 18.7833 0.0574 202.4692 250.2208 4.24 950
7541.40476 18.8371 0.0512 437.3473 213.1343 3.86 915
7541.43000 18.7195 0.0578 -91.5350 267.1446 3.52 1016
7541.45536 18.7151 0.0520 -112.8086 241.8797 3.16 985
7541.45852 18.7316 0.0464 -34.6096 213.4322 3.16 1009
7541.48469 18.7706 0.0342 145.2570 152.5652 3.05 1005
7541.51123 18.6705 0.0380 -329.5273 185.2792 2.68 924
7541.54793 18.6803 0.0509 -281.1219 244.9420 2.90 945
7541.58244 18.7012 0.0503 -179.1931 237.1849 2.84 860
7541.60893 18.7405 0.0333 6.8252 152.5467 3.23 921
7541.63872 18.7363 0.0390 -12.6708 179.1241 3.78 1164
7541.67155 18.8404 0.0538 451.4168 222.8663 4.56 911
7541.67621 18.5972 0.0541 -706.1444 280.6541 4.72 798
7542.32247 18.8366 0.0643 435.3714 266.0503 4.53 815
7542.35061 18.7853 0.0401 211.4149 176.1139 3.93 1092
7542.37861 18.8392 0.0451 446.2204 187.9216 3.69 1104
7542.40392 18.6868 0.0305 -249.2250 147.1113 3.03 1109
7542.42827 18.7386 0.0295 -1.9952 135.5486 2.84 1039
7542.45465 18.7697 0.0318 140.9520 141.9881 3.01 980
7542.48395 18.7045 0.0333 -163.5415 157.8794 3.40 969
7542.51571 18.7216 0.0317 -81.8954 147.9366 3.13 947
7542.54201 18.7340 0.0302 -23.1844 139.3283 3.07 991
7542.57243 18.7023 0.0289 -173.9618 137.6513 2.94 957
7542.60069 18.6680 0.0301 -342.1299 147.6729 3.04 1032
7542.62714 18.7493 0.0328 47.7062 149.1093 2.76 1112
7542.66400 18.7138 0.0386 -118.8152 181.1082 3.84 1049
7544.33438 18.7696 0.0613 140.8058 270.2580 6.54 1445
7545.31115 18.8359 0.0472 432.3083 196.9382 4.00 728
7545.33575 18.7080 0.0379 -146.6479 178.6472 4.39 1003
7545.36299 18.8075 0.0359 309.6435 154.5176 3.68 942
7545.38848 18.7335 0.0341 -25.7832 157.2696 3.66 904
7545.42271 18.7910 0.0478 236.6198 207.7248 5.53 997
7545.44776 18.7462 0.0340 33.2670 154.8446 3.76 904
7545.47323 18.7592 0.0327 93.2834 147.3407 3.29 926
7545.49908 18.7149 0.0362 -113.7257 169.6173 3.95 1017
7545.52794 18.8115 0.0397 327.2377 170.1559 3.65 1116
7545.56145 18.7376 0.0493 -6.3498 224.9265 5.17 1385
7545.58619 18.6309 0.0475 -530.0449 239.3316 5.59 1460
7545.61264 18.6093 0.0442 -642.2739 227.4851 5.52 1244
7545.61587 18.7548 0.0505 73.1303 226.6965 5.73 1230
7545.63917 18.5904 0.0455 -742.7328 238.2348 6.13 1258
7545.66426 18.5967 0.0504 -709.1080 261.8120 6.39 901
7546.30782 18.6436 0.0480 -465.0376 239.0032 4.76 1041
7546.33996 18.6751 0.0396 -306.7474 192.5566 3.95 1228
7546.36444 18.7216 0.0391 -81.8470 182.1099 3.93 1134
7546.36757 18.7832 0.0384 201.9003 168.9764 3.91 996
7546.39241 18.7949 0.0376 254.2875 163.6229 3.86 939
7546.41764 18.7295 0.0339 -44.5598 156.9189 3.58 817
7546.44292 18.8546 0.0374 511.4731 153.9961 3.40 928
7546.47849 18.7271 0.0339 -55.8611 157.2385 3.36 901
7546.50810 18.7581 0.0322 88.2893 145.4016 3.09 968
7546.53463 18.7117 0.0321 -128.7586 151.1224 3.14 935
7546.56004 18.7158 0.0332 -109.4404 155.8752 3.21 1060
7546.58647 18.6946 0.0426 -211.3419 202.7037 3.96 1198
7546.62282 18.7342 0.0380 -22.2400 174.8688 3.68 1162
7546.65018 18.7846 0.0462 208.3812 202.1975 4.71 1035
7546.66876 18.6116 0.0602 -630.5348 306.9378 4.41 637
7547.31803 18.7298 0.0355 -43.2814 164.1930 3.63 968
7547.34304 18.6386 0.0339 -490.7540 170.5709 3.87 914
7547.36882 18.7444 0.0355 24.8874 162.0041 3.61 862
7547.39780 18.7485 0.0289 43.9067 131.6126 3.06 775
7547.42539 18.6382 0.0281 -492.7789 142.1741 3.15 772
7547.44840 18.7448 0.0322 26.8733 147.0269 3.36 865
7547.47658 18.7814 0.0391 193.9741 172.3073 4.17 836
7547.50705 18.8913 0.0458 662.7495 181.8578 4.35 976
7547.53835 18.6762 0.0380 -301.5091 184.2856 4.31 1094
7547.56917 18.7650 0.0428 119.8019 190.9829 4.11 968
7547.60035 18.6240 0.0411 -565.4908 209.1620 5.38 970
7547.62783 18.6744 0.0390 -310.1878 189.3498 4.61 1045
7547.65224 18.7443 0.0422 24.7341 191.9233 4.29 1134
7547.67030 18.6875 0.0460 -245.7916 220.2788 5.04 1185
7548.31961 18.7561 0.0634 79.2014 282.7522 5.99 1343
7548.35052 18.6324 0.0394 -522.4967 199.0557 4.71 1146
7548.37321 18.8419 0.0467 457.5989 193.7836 4.87 1121
7548.39611 18.6994 0.0404 -188.1335 191.7234 4.59 993
7548.42215 18.7201 0.0368 -88.6868 171.6556 3.97 975
7548.44512 18.6964 0.0380 -202.7743 180.9229 4.36 970
7548.47734 18.7601 0.0356 97.6178 160.1768 3.79 860
7548.50925 18.6559 0.0354 -402.6687 175.2661 4.16 925
7548.53224 18.6813 0.0701 -276.1494 333.6066 4.74 981
7548.55699 18.7248 0.0402 -66.8265 186.3487 4.36 921
7548.58021 18.6778 0.0404 -293.7809 195.7026 4.63 983
7548.61109 18.5905 0.0523 -741.9859 273.1008 5.90 1073
7548.63455 18.5298 0.0501 -1076.1253 276.7763 6.00 1119
7551.36716 18.5607 0.1441 -903.6528 741.4148 6.16 1258
7551.39060 18.6947 0.0580 -211.0100 274.4469 5.13 1098
7551.41348 18.6860 0.0416 -253.4256 199.6779 3.99 944
7551.43772 18.8877 0.0924 647.9808 360.1375 3.67 909
7551.49692 18.6681 0.0654 -341.4097 315.9892 5.06 1005
7551.52207 18.6180 0.0529 -596.8568 269.3341 5.10 999
7552.30869 18.7618 0.1642 105.0655 695.7296 5.86 1735
7552.33478 18.6249 0.0484 -561.1175 245.1098 5.67 1196
7552.36225 18.7309 0.0391 -37.9849 180.2623 4.37 1026
7552.39553 18.7763 0.0370 170.9382 163.8603 3.91 913
7552.41974 18.7224 0.0384 -78.2354 178.5473 4.26 889
7552.44540 18.6756 0.0424 -304.2552 205.6638 5.36 921
7552.49495 18.6326 0.0413 -521.4954 208.5406 5.20 956
7552.52890 18.6675 0.0451 -344.8833 220.1884 5.69 1057
7552.55511 18.5537 0.0443 -942.3063 239.9711 6.07 1165
7556.31600 18.5505 0.0618 -960.0764 333.3103 6.89 2169
7556.34895 18.5779 0.0528 -810.0005 278.5195 5.61 1995
7556.38050 18.6439 0.0504 -463.5069 250.8447 5.37 1657
7556.40546 18.6952 0.0592 -208.5346 279.5914 6.11 1560
7556.43044 18.5475 0.0435 -976.7311 237.1037 5.15 1483
7556.46249 18.7409 0.0419 8.9727 191.4838 3.78 1534
7556.52106 18.6775 0.0557 -294.9037 267.9065 5.38 2520
7556.54523 18.5901 0.0458 -744.0186 240.0495 4.49 2161
7556.59341 18.6728 0.0441 -318.1292 214.2062 4.01 1914
7556.62268 18.6690 0.0433 -337.0045 211.1686 4.09 1548
7557.29815 18.5709 0.0580 -847.8473 307.6846 6.21 2677
7557.31653 18.5482 0.0513 -972.4584 278.6519 5.49 2394
7557.33463 18.6216 0.0553 -578.3953 279.9211 6.05 2331
7557.35429 18.6070 0.0502 -654.5827 258.4573 4.81 2260
7557.37250 18.5772 0.0523 -813.6833 276.4971 5.50 2180
7557.39071 18.7018 0.0519 -176.3262 244.3468 4.75 2085
7557.40896 18.5744 0.0500 -828.6237 265.2066 5.53 1944
7557.42781 18.5282 0.0469 -1084.7323 259.6957 5.76 1866
7557.44915 18.7005 0.0568 -182.5316 267.1685 5.76 1833
7557.56056 18.6954 0.0563 -207.6887 266.2807 4.61 2399
7557.57934 18.6079 0.0489 -649.7664 251.4289 4.73 2179
7558.39695 18.6665 0.0581 -349.6710 282.1201 5.26 2950
7558.41571 18.6931 0.0594 -218.7733 281.2974 5.03 2869
7558.43465 18.6535 0.0549 -414.7168 270.1128 5.23 2779
7558.45498 18.5045 0.0475 -1220.5156 269.1854 4.86 2720
7561.45142 18.4948 0.0433 -1277.0480 247.5976 4.81 2241
7561.46943 18.4251 0.0436 -1697.1876 266.1395 5.21 2328
7561.48809 18.5368 0.0502 -1036.2967 275.7236 5.33 2555
7561.50517 18.5272 0.0497 -1090.8144 275.5066 4.99 2795
7562.27318 18.4513 0.0435 -1536.3008 259.2924 4.58 2346
7562.29092 18.4686 0.0398 -1431.5504 233.7684 4.79 1815
7562.30779 18.3736 0.0438 -2025.4721 279.9872 6.06 1845
7562.32511 18.5345 0.0397 -1049.1054 219.4518 4.03 1850
7562.34297 18.4252 0.0357 -1696.7044 218.7068 3.82 2042
7562.45276 18.3568 0.0300 -2136.4335 196.3011 3.62 1717
7562.48407 18.4876 0.0400 -1319.2334 230.9695 4.48 1829
7562.50412 18.3775 0.0330 -2000.1140 211.5965 3.89 1857
7562.52355 18.4050 0.0362 -1823.3007 225.7743 4.23 2060
7562.54143 18.4205 0.0418 -1726.1010 256.6432 5.06 2252
7562.56033 18.4415 0.0359 -1595.6847 216.6759 3.91 2188
7562.58225 18.2539 0.0392 -2851.7832 280.6445 5.13 2228
7562.60049 18.3568 0.0378 -2136.5367 246.1315 4.53 2234
7562.60184 18.3964 0.0400 -1878.2625 251.3177 4.89 2273
7562.61816 18.4642 0.0460 -1458.0330 270.4068 4.86 2435
7563.53772 18.3203 0.0425 -2382.1973 285.6684 5.54 2069
7563.59216 18.2892 0.0389 -2598.6980 269.3360 5.18 2298
7564.29512 17.5464 0.3548 -10123.2280 4233.2390 6.38 715
7564.31361 18.1851 0.1139 -3369.4970 839.6060 5.31 940
7564.33123 18.1677 0.0807 -3505.9350 613.6123 4.94 1001
7564.34897 18.0648 0.0550 -4357.6542 465.2716 4.51 1695
7564.39615 18.1374 0.0455 -3748.3228 361.4011 4.64 2325
7564.41348 18.1806 0.0309 -3404.3326 237.6895 3.93 2011
7564.43177 18.2106 0.0275 -3174.0617 205.7722 4.05 1566
7564.45181 18.2029 0.0275 -3232.3240 207.3139 4.65 1275
7564.47411 18.2129 0.0249 -3156.5536 186.0295 3.88 1229
7564.49424 18.2005 0.0474 -3250.5264 355.1931 4.84 2573
7564.51257 18.2018 0.0295 -3240.9661 222.3274 3.89 1750
7564.53112 18.1868 0.0253 -3356.2478 194.1876 3.90 1406
7564.54959 18.1376 0.0280 -3747.0274 224.2489 4.82 1481
7564.57811 18.2402 0.0307 -2952.1367 223.3410 4.35 1687
7564.59569 18.1181 0.0318 -3906.6027 258.7365 5.33 1844
7564.60887 18.2022 0.0397 -3237.7961 298.1565 6.42 1876
7564.62306 18.1849 0.0403 -3370.8807 307.3063 6.77 1980
7565.25887 17.9960 0.0299 -4973.6498 272.4957 6.49 1398
7565.27670 18.0893 0.0283 -4147.6228 236.7166 5.60 1244
7565.29590 17.9937 0.0438 -4995.2723 397.7400 4.72 1276
7565.31439 18.0893 0.0288 -4147.6888 241.1638 5.18 1183
7565.33259 18.0573 0.0252 -4423.4500 217.4587 5.07 1098
7565.35147 18.0453 0.0261 -4528.8416 227.6953 5.68 1106
7565.36948 18.0636 0.0214 -4367.8652 183.8746 3.83 1120
7565.39062 18.0482 0.0218 -4502.9616 190.2795 3.84 1143
7565.43651 18.0494 0.0263 -4492.5918 228.9747 4.86 1338
7565.46615 18.0566 0.0245 -4428.8607 212.1297 4.54 1200
7565.48434 17.9680 0.0261 -5236.5467 245.0083 5.69 1290
7568.24816 16.6686 0.0091 -29020.3405 284.5807 5.85 1271
7568.26624 16.6823 0.0085 -28593.6013 263.5245 5.44 1167
7568.28446 16.6718 0.0091 -28921.9353 282.4677 5.83 1055
7568.30334 16.6500 0.0074 -29611.0442 234.0759 4.66 949
7568.32131 16.6349 0.0073 -30095.2150 235.7529 4.58 895
7568.33893 16.6041 0.0071 -31106.4663 237.1275 4.66 896
7568.35907 16.5812 0.0066 -31879.7552 223.6004 3.84 809
7568.37857 16.6029 0.0103 -31149.2236 341.1043 5.37 1103
7568.38243 16.5586 0.0064 -32654.5012 221.0087 3.79 890
7568.40109 16.5608 0.0067 -32580.4354 230.6955 4.15 846
7568.43568 16.5271 0.0068 -33766.0284 243.0110 4.28 1010
7568.45379 16.5034 0.0069 -34622.2066 251.6136 3.91 898
7568.47219 16.4786 0.0070 -35539.4912 261.4623 3.39 909
7568.49018 16.4865 0.0070 -35244.9092 259.4395 3.87 935
7568.50976 16.4363 0.0061 -37154.9536 234.6356 3.76 921
7568.52704 16.4352 0.0062 -37197.4563 240.2990 3.93 948
7568.54751 16.4334 0.0066 -37266.5336 257.0794 5.05 964
7568.56768 16.4129 0.0065 -38073.3411 256.9367 4.90 981
7568.58496 16.3990 0.0064 -38627.9510 255.1327 5.11 995
7568.59063 16.4114 0.0072 -38131.2239 286.7608 5.64 922
7568.60724 16.3973 0.0081 -38697.4143 323.6408 6.40 1090
7569.25286 16.6794 0.0084 -28685.2359 260.4661 5.20 859
7569.28813 16.6841 0.0078 -28537.1836 239.8821 4.68 990
7569.30975 16.7243 0.0080 -27316.3285 238.0385 4.07 984
7569.34170 16.7286 0.0073 -27188.6393 216.3520 3.67 825
7569.35991 16.7538 0.0079 -26448.1150 228.7652 4.87 846
7569.37849 16.7747 0.0082 -25847.9843 231.5264 4.57 834
7569.39703 16.7971 0.0083 -25216.6040 229.4928 4.88 860
7569.41543 16.7937 0.0077 -25312.6793 215.4239 4.38 884
7569.43407 16.8014 0.0083 -25098.3908 229.8783 4.64 1000
7569.45260 16.8420 0.0079 -23991.7891 210.0631 3.93 829
7569.47108 16.8477 0.0084 -23838.4751 221.6922 4.31 926
7569.48968 16.8716 0.0091 -23210.2668 235.9943 5.37 995
7569.50842 16.8989 0.0091 -22507.8308 231.3067 4.80 950
7569.53840 16.9064 0.0087 -22317.4386 218.4066 4.17 955
7569.55893 16.9506 0.0093 -21226.0248 223.5770 4.70 1035
7569.58244 16.9471 0.0100 -21310.1637 241.3361 5.06 1002
7569.59791 16.9694 0.0106 -20774.0393 251.5214 5.16 821
7572.25310 18.0330 0.0234 -4637.5458 206.5724 4.11 1258
7572.27145 18.0611 0.0207 -4389.7495 178.1065 3.24 1123
7572.29033 18.0878 0.0197 -4160.6430 165.5749 3.18 967
7572.30855 18.1369 0.0205 -3752.5134 164.8938 3.14 936
7572.32662 18.1389 0.0202 -3735.8304 162.2243 3.34 945
7572.34859 18.1170 0.0251 -3915.5450 204.8215 3.06 893
7572.36683 18.0746 0.0194 -4273.3738 165.5723 2.48 814
7572.38659 18.1036 0.0220 -4026.9298 182.5968 3.06 882
7572.40490 18.1234 0.0199 -3862.9987 161.8855 3.29 769
7572.43486 18.0974 0.0188 -4079.1772 156.6986 3.49 738
7572.45310 18.1021 0.0205 -4039.2298 170.2724 4.11 841
7572.47634 18.1202 0.0194 -3888.8912 158.2045 3.64 790
7572.49493 18.1351 0.0205 -3767.2925 165.4853 3.93 873
7572.51354 18.1022 0.0212 -4039.0655 175.8720 4.11 909
7572.53348 18.0877 0.0239 -4161.4416 200.5735 4.87 931
7572.53656 18.0686 0.0231 -4324.4798 197.4450 4.65 968
7572.55397 18.0972 0.0253 -4080.8230 210.6015 4.78 1054
7572.57357 18.0545 0.0259 -4447.4385 224.2023 5.73 1135
7572.57850 18.1368 0.0334 -3753.0983 267.4604 6.98 1132
7573.23019 18.2532 0.0352 -2857.2471 252.6165 4.77 869
7573.24831 18.2358 0.0278 -2984.6709 203.1272 4.63 1141
7573.26657 18.2171 0.0269 -3125.0542 200.3814 4.60 1113
7573.29743 18.2596 0.0253 -2810.4843 181.3981 4.14 1063
7573.31565 18.2401 0.0265 -2953.0127 193.2062 4.40 974
7573.33389 18.2339 0.0283 -2999.3977 207.6387 4.07 936
7573.35202 18.3108 0.0254 -2448.0669 173.9727 3.93 853
7573.37023 18.2445 0.0243 -2920.7521 176.7659 4.20 905
7573.39120 18.1989 0.0244 -3263.4729 184.9533 4.19 905
7573.41320 18.2249 0.0218 -3066.4074 161.7096 3.41 836
7573.43337 18.2434 0.0246 -2928.8329 179.1956 4.11 924
7573.45199 18.2095 0.0255 -3182.4182 191.5056 4.71 915
7573.47051 18.2241 0.0253 -3072.2242 187.1175 4.32 885
7573.48869 18.2676 0.0282 -2752.6057 200.0754 4.78 1002
7573.51821 18.2234 0.0289 -3077.6801 213.9856 5.39 1036
7573.53639 18.2845 0.0319 -2631.6024 222.8701 5.26 1073
7573.55448 18.2097 0.0303 -3180.5979 226.8109 5.65 1149
7573.57284 18.2900 0.0330 -2593.3171 228.9481 5.46 1006
7573.58848 18.2409 0.0459 -2947.3432 331.2516 6.40 786
7574.22553 18.4203 0.0389 -1727.3878 238.9886 5.61 1211
7574.24359 18.3069 0.0322 -2474.8774 220.5162 5.09 1208
7574.26150 18.3281 0.0307 -2328.7514 206.2181 5.00 1105
7574.28007 18.2874 0.0329 -2611.2492 228.9495 5.93 1110
7574.29823 18.3201 0.0311 -2383.8472 210.0535 5.19 1042
7574.32072 18.3117 0.0329 -2441.4774 223.7665 6.07 1059
7574.34034 18.3804 0.0323 -1981.4147 206.5290 5.32 1044
7574.35859 18.3865 0.0336 -1942.0145 213.7376 6.18 995
7574.39044 18.3153 0.0269 -2416.8020 182.9675 4.74 1002
7574.41299 18.3453 0.0289 -2212.7593 191.2819 5.05 1038
7574.43833 18.3504 0.0309 -2178.9814 203.4380 5.41 934
7574.45809 18.3772 0.0278 -2001.9991 178.8579 4.27 982
7574.47684 18.3115 0.0285 -2443.0307 194.5923 4.60 1004
7574.49485 18.2734 0.0312 -2711.2029 220.4543 5.67 1011
7576.23572 18.5871 0.0510 -760.5204 267.4319 6.12 1418
7576.27048 18.3764 0.0393 -2007.1474 251.5169 6.07 1191
7576.28983 18.4975 0.0381 -1261.2444 217.8744 5.08 1046
7576.31961 18.4552 0.0335 -1512.6946 199.7511 4.58 931
7576.33708 18.4972 0.0352 -1263.1999 201.6561 4.65 884
7576.35469 18.4599 0.0400 -1484.2365 237.0511 6.38 945
7576.37392 18.4793 0.0367 -1367.8534 213.4976 5.59 836
7576.39340 18.4750 0.0403 -1393.4927 235.2587 6.34 922
7576.41339 18.4900 0.0396 -1305.2409 228.1234 5.88 1049
7576.43196 18.6162 0.0486 -606.0474 248.1351 6.94 983
7576.46950 18.3439 0.0382 -2222.1772 251.9926 6.50 1043
7576.48828 18.3618 0.0358 -2103.3248 232.7270 6.20 995
7576.57305 18.4588 0.0382 -1490.5618 226.8118 5.68 1877
7576.58757 18.5651 0.0462 -879.5991 247.5080 5.76 1246
7577.23972 18.5436 0.0403 -998.5871 220.9232 5.04 1276
7577.26840 18.5408 0.0391 -1013.8255 214.8308 4.99 1132
7577.28702 18.5573 0.0409 -922.2567 221.1822 5.36 1091
7577.30470 18.5184 0.0346 -1140.8685 194.3285 4.56 1045
7577.32278 18.5471 0.0322 -978.5929 176.3848 4.06 962
7577.34055 18.5461 0.0307 -984.1902 168.8036 3.88 940
7577.36105 18.5329 0.0308 -1058.5546 171.0316 4.05 874
7577.37981 18.5603 0.0312 -905.6172 169.0460 4.21 848
7577.39938 18.6000 0.0344 -691.3102 179.6557 4.56 917
7577.41770 18.5023 0.0303 -1233.4808 173.5030 4.01 888
7577.43757 18.5334 0.0344 -1055.4687 191.0032 4.54 968
7577.46700 18.5202 0.0349 -1130.4787 196.0081 5.07 976
7577.48444 18.5689 0.0389 -858.6662 208.6401 5.16 1023
7577.50241 18.4497 0.0313 -1545.8044 187.8692 4.52 998
7577.50808 18.5598 0.0331 -908.7872 179.0491 4.06 1041
7577.52605 18.5446 0.0333 -992.9626 182.7916 3.97 991
7577.54428 18.5512 0.0342 -955.8382 186.8958 4.18 1100
7577.56130 18.5811 0.0349 -792.6672 185.4283 3.97 1282
7577.56277 18.9526 0.0695 904.0342 257.8533 4.84 2017
7577.58105 18.5213 0.0356 -1123.9244 199.6585 4.47 1219
7578.21349 18.4885 0.0427 -1313.7895 245.7236 5.43 1543
7578.23100 18.6750 0.0458 -307.4603 221.8093 5.12 1333
7578.24848 18.6490 0.0389 -437.3831 193.3912 4.07 1268
7578.26571 18.6286 0.0316 -541.7492 160.6386 3.21 1116
7578.28439 18.5775 0.0299 -811.8868 159.7912 3.16 946
7578.33904 18.5675 0.0262 -866.5720 141.5679 2.98 853
7578.34199 18.6147 0.0284 -614.0403 146.5540 3.05 832
7578.35865 18.5430 0.0282 -1001.5726 155.6364 2.92 826
7578.37703 18.5326 0.0253 -1060.0017 140.7866 2.91 833
7578.39885 18.6049 0.0428 -665.6032 221.5810 2.62 823
7578.44424 18.5335 0.0351 -1054.9192 194.8590 2.72 839
7578.46146 18.5673 0.0276 -867.5335 148.8870 2.79 864
7578.47924 18.5204 0.0410 -1129.3171 229.6908 2.64 905
7578.49731 18.5096 0.0423 -1190.9995 239.0628 2.76 939
7578.51738 18.6252 0.0310 -559.3516 158.4709 3.20 1051
7578.54727 18.6038 0.0288 -671.3732 150.0847 2.99 1148
7578.56488 18.5874 0.0385 -758.8971 202.5730 3.85 1306
7578.58107 18.6220 0.0363 -576.1649 185.3295 3.60 1475
7579.22174 18.5799 0.0381 -799.0173 202.1436 3.97 1527
7579.24111 18.6023 0.0353 -679.3283 183.8445 3.51 1395
7579.26251 18.6582 0.0335 -391.1814 165.6274 3.34 1245
7579.28030 18.5502 0.0443 -961.5801 240.6792 3.08 1097
7579.29781 18.5746 0.0298 -827.6089 159.3834 2.79 1069
7579.31568 18.5684 0.0262 -861.2892 141.3143 2.57 1029
7579.33479 18.5812 0.0243 -791.9882 129.8208 2.84 1001
7579.35300 18.5697 0.0269 -854.6006 144.7072 3.22 923
7579.37235 18.5780 0.0242 -809.1614 129.4336 2.83 940
7579.37539 18.5813 0.0300 -791.2577 159.6392 3.17 865
7579.39328 18.6086 0.0270 -645.8308 140.3240 3.29 880
7579.42357 18.6349 0.0276 -509.2807 139.6133 3.12 847
7579.44205 18.5508 0.0235 -958.0786 128.8929 2.86 838
7579.46125 18.6452 0.0321 -457.0750 160.6693 3.46 893
7579.48434 18.5956 0.0290 -714.9381 152.1885 3.20 956
7579.50416 18.6192 0.0319 -590.8715 163.6442 3.50 1026
7579.52168 18.5290 0.0338 -1080.1773 188.4329 4.17 1254
7579.54088 18.6429 0.0400 -468.3263 200.2190 4.30 1279
7579.56235 18.5930 0.0337 -728.4506 176.9322 3.62 1256
7579.57754 18.6238 0.0363 -566.6087 185.2840 3.66 1361
7580.22275 18.4420 0.0400 -1592.7537 240.9578 6.12 1393
7580.24061 18.6642 0.0483 -361.1615 236.1809 5.54 1360
7580.25902 18.6638 0.0406 -362.8924 199.3787 4.31 1253
7580.28864 18.6380 0.0392 -493.7452 197.1449 4.28 1209
7580.31521 18.6858 0.0365 -254.4391 175.6594 3.87 1065
7580.33282 18.7329 0.0410 -28.5016 188.8909 4.41 1030
7580.35087 18.6591 0.0323 -386.5836 159.5218 3.33 901
7580.37095 18.6234 0.0309 -568.6864 157.9401 3.44 819
7580.39107 18.5930 0.0276 -728.7620 145.1744 3.35 821
7580.41204 18.6574 0.0315 -395.0699 156.0073 3.60 925
7580.43101 18.6100 0.0326 -638.9693 168.4920 3.88 978
7580.44885 18.6349 0.0352 -509.4684 177.5987 3.95 961
7580.46702 18.6609 0.0330 -377.3696 162.7434 3.59 998
7580.48507 18.6285 0.0318 -542.2711 161.6405 3.45 1078
7580.51419 18.5761 0.0349 -819.6115 186.0739 4.19 1114
7580.53255 18.6491 0.0369 -436.9331 183.8569 3.85 1227
7580.54936 18.6171 0.0412 -601.4800 210.7481 4.52 1421
7580.55784 18.7534 0.0513 66.6114 230.6742 5.33 1437
7580.57432 18.7066 0.0469 -153.3429 220.3914 5.17 1510
7581.21827 18.6481 0.1013 -442.3776 490.4320 4.91 2366
7581.24042 18.5608 0.1393 -903.3158 718.5060 4.71 2423
7581.25791 18.3778 0.0628 -1998.1488 397.0256 4.63 1943
7581.27525 18.6090 0.0482 -644.0735 247.9085 4.65 1646
7581.29374 18.8625 0.0625 544.1442 252.6198 4.24 1693
7581.31228 18.5091 0.1096 -1194.1148 600.7631 4.55 2016
7581.33081 18.7102 0.0454 -136.1489 212.7135 3.96 1298
7581.34867 19.0470 0.1532 1250.5527 501.8362 3.65 1662
7581.38303 18.7740 0.0578 160.4287 254.3544 3.61 1423
7581.40304 18.6846 0.0398 -260.0534 191.5523 3.44 1298
7581.42283 18.6208 0.0461 -582.0966 234.4268 3.85 1507
7581.44044 18.6572 0.0512 -396.3025 251.6817 3.45 1335
7581.46132 18.7126 0.0354 -124.5510 166.5463 3.52 1160
7581.47880 18.5921 0.0350 -733.5832 183.7083 3.75 1285
7581.49686 18.6662 0.0363 -350.9253 178.1749 3.51 1356
7581.51438 18.6649 0.0352 -357.5992 173.0742 3.40 1326
7581.53318 18.5920 0.0372 -734.2875 195.2369 3.92 1404
7581.55054 18.6099 0.0426 -639.0042 219.1398 4.58 1413
7581.55793 18.7008 0.0500 -181.2595 236.1642 5.25 1609
7581.57167 18.4965 0.0431 -1267.2392 246.5179 5.27 1676
7582.21883 18.7021 0.0567 -174.8127 266.4681 5.69 1805
7582.26518 18.6168 0.0683 -603.3939 345.5625 5.69 1774
7582.28312 18.6610 0.0493 -377.1819 241.4558 3.53 1549
7582.30069 18.7060 0.0402 -156.3073 189.7927 3.95 1238
7582.31812 18.7050 0.0324 -161.0028 153.6777 3.19 1078
7582.33552 18.6462 0.0382 -451.8462 190.8925 4.33 1040
7582.35408 18.6725 0.0313 -319.9280 152.9054 3.17 1004
7582.37479 18.7407 0.0384 7.8403 175.6913 3.96 1044
7582.39769 18.6273 0.0381 -548.8480 193.2789 4.07 1355
7582.41600 18.6221 0.0376 -575.5730 192.1428 4.57 1116
7582.43505 18.6581 0.0406 -391.5920 200.1590 4.66 1095
7582.46685 18.5985 0.0424 -699.3054 220.6424 4.40 1321
7582.48627 18.5997 0.0332 -692.9856 173.5072 4.01 1000
7582.50449 18.6066 0.0357 -656.7820 184.9522 4.29 1004
7582.52958 18.5665 0.0459 -871.9434 245.8403 4.96 1131
7582.54959 18.6078 0.0495 -650.2435 254.7144 6.38 1347
7582.56633 18.6547 0.0454 -408.6621 223.9450 4.34 1881
7583.23035 18.6513 0.0686 -426.1715 336.2149 5.35 2779
7583.24960 18.5675 0.0507 -866.2147 270.4447 5.60 1961
7583.26770 18.6164 0.0500 -605.0927 255.0903 5.19 1942
7583.28701 18.6946 0.0496 -211.5061 235.7161 4.98 1730
7583.34479 18.7622 0.1105 107.1575 479.6645 4.60 2981
7583.38605 18.6984 0.0394 -192.9370 187.3365 4.41 1096
7583.42371 18.6876 0.0508 -245.3759 242.6566 4.33 1659
7583.44350 18.6689 0.0467 -337.8671 227.2557 5.24 1417
7583.46346 18.5030 0.0444 -1228.9787 252.0586 5.80 1390
7583.48186 18.6307 0.0440 -531.0167 221.9812 5.26 1391
7583.50071 18.6604 0.0465 -380.0663 228.1132 5.41 1385
7583.52279 18.7260 0.0507 -61.1038 233.5764 5.42 1495
7583.54140 18.6368 0.0505 -499.8308 252.6105 5.81 1446
7583.55720 18.6694 0.0531 -335.0547 257.7141 5.58 1093
7584.22625 18.7199 0.0561 -89.8466 259.3724 5.47 1855
7584.24440 18.8399 0.0589 449.4623 243.7254 5.54 1763
7584.27384 18.6831 0.0511 -267.6390 245.1765 5.39 1679
7584.29294 18.7342 0.0490 -22.3645 224.4291 4.17 1606
7584.31261 18.7108 0.0429 -133.0691 201.1409 4.34 1392
7584.33051 18.7299 0.0446 -42.7374 205.5750 4.27 1420
7584.35067 18.7104 0.0409 -135.2656 191.9800 3.89 1260
7584.36915 18.7265 0.0442 -58.7295 204.4816 4.57 1242
7584.38964 18.7387 0.0633 -1.3682 286.6688 5.68 2549
7584.40805 18.7242 0.0486 -69.6148 224.4815 3.90 2594
7584.42619 18.7106 0.0526 -134.3599 245.8533 4.80 2361
7584.44492 18.7263 0.0487 -59.3954 224.5355 3.94 2441
7584.46799 18.7029 0.0411 -171.2152 194.6196 3.56 1723
7584.49908 18.6735 0.0442 -314.8551 214.3930 4.62 1513
7584.51738 18.5773 0.0445 -813.0750 236.0786 5.44 1547
7584.53560 18.6808 0.0478 -278.8026 230.2616 5.18 1612
7584.54184 18.7303 0.0484 -40.7103 222.4719 4.78 1571
7584.55703 18.6926 0.0484 -221.0029 230.4674 4.75 1613
7593.21893 18.8062 0.0608 303.6476 259.1753 6.30 1041
7593.23793 18.7721 0.0536 151.9994 236.4183 6.04 1007
7594.22945 18.6450 0.0444 -457.6523 221.1803 5.44 1083
7594.24847 18.7223 0.0501 -78.3575 231.9316 5.67 1121
7594.26718 18.6884 0.0408 -241.7309 195.6548 4.34 1017
7594.28556 18.7438 0.0378 22.4448 172.3320 3.72 1077
7594.30263 18.7675 0.0381 131.2601 169.9771 3.57 1017
7594.31913 18.7274 0.0420 -54.3237 194.0106 4.58 957
7594.34833 18.7882 0.0369 224.4734 161.5555 3.64 855
7594.36812 18.7529 0.0435 64.6104 196.1166 4.96 961
7594.38527 18.7167 0.0441 -105.0689 205.6666 4.71 953
7594.40271 18.6041 0.0600 -669.9834 308.2012 5.89 1054
7594.42211 18.8456 0.0685 473.4402 280.6330 6.54 1073
7594.43988 18.7792 0.0734 184.1554 318.8687 6.76 1175
7594.45713 18.7547 0.1196 72.4594 520.4314 5.28 1300
7604.24800 18.8133 0.0579 334.6997 245.4091 5.78 1191
7604.26669 18.8313 0.0596 412.5047 248.5640 5.23 1070
7604.28599 18.7687 0.0509 136.5114 225.7028 5.63 1119
7604.31698 18.8755 0.0546 598.0162 219.0289 5.52 1009
7604.33751 18.7774 0.0476 176.0158 209.7153 4.78 1172
7605.21153 18.8521 0.0572 500.7673 234.0979 4.02 2230
7605.22881 18.7332 0.0348 -27.1480 160.6604 3.41 939
7605.24645 18.7822 0.0392 197.3048 172.3500 4.07 956
7605.27456 18.6973 0.0330 -198.4516 157.7120 3.38 900
7605.29179 18.7406 0.0327 7.4910 149.7854 3.21 917
7605.31533 18.7490 0.0328 46.2674 149.0968 3.12 914
7605.33573 18.7139 0.0278 -118.5001 130.8488 2.92 838
7605.35395 18.6978 0.0280 -195.6625 133.9119 3.01 803
7605.37117 18.7184 0.0267 -96.9303 125.5562 2.84 802
7605.40050 18.7651 0.0309 120.4819 138.4935 3.14 860
7605.42972 18.7790 0.0331 183.0445 146.5427 3.27 884
7605.44753 18.6938 0.0341 -215.3042 163.2948 3.61 938
7605.46588 18.6918 0.0394 -225.1647 188.4080 4.48 1021
7605.48375 18.7480 0.0427 41.6557 193.4284 4.72 975
7605.48940 18.7517 0.0420 58.9687 189.9411 4.39 1033
7605.50831 18.7639 0.0461 114.6415 205.5020 5.14 1085
7606.22901 18.8154 0.0384 343.9142 164.0842 3.46 1186
7606.24782 18.8033 0.0355 291.0629 153.5543 2.87 1198
7606.26701 18.7098 0.0307 -138.1545 145.0088 2.80 1088
7606.28469 18.7409 0.0302 9.0369 138.5439 2.81 973
7606.30317 18.7913 0.0420 238.1132 183.1100 4.28 1068
7606.32802 18.6569 0.0287 -397.9387 142.4970 2.98 925
7606.35700 18.6948 0.0264 -210.4111 126.4526 2.98 828
7606.37454 18.7323 0.0320 -31.3361 148.1474 3.38 924
7606.39228 18.7501 0.0358 51.5368 162.5578 3.75 899
7606.40917 18.6203 0.0354 -585.0353 181.0005 4.59 918
7606.42992 18.7624 0.0317 108.0876 142.6283 3.23 836
7606.44765 18.7673 0.0308 130.3370 138.0509 3.07 853
7606.46537 18.8508 0.0384 495.5970 158.8458 3.76 928
7606.48305 18.7624 0.0392 107.7749 175.6672 4.10 902
7606.49900 18.8713 0.0489 580.9031 197.4786 4.05 1203
7607.22738 18.8699 0.0592 574.8441 238.2383 3.70 1337
7607.24533 18.9138 0.0558 752.7615 215.8695 3.30 1354
7607.26398 18.6222 0.1368 -575.0658 667.3485 3.49 1251
7607.28140 18.7582 0.0560 88.7754 250.1480 2.90 1252
7607.31211 18.7671 0.0416 129.1794 185.3047 3.02 1170
7607.33207 18.7288 0.0667 -47.8454 304.7018 2.94 1149
7607.35024 18.7724 0.0348 153.2861 154.8886 2.89 1041
7607.36910 18.7542 0.0432 70.2929 194.7698 2.66 1059
7607.38729 18.7104 0.0605 -135.3440 281.9539 2.57 1031
7607.40552 18.7078 0.0370 -147.7864 174.3482 2.72 1015
7607.42442 18.7740 0.0358 160.6355 159.0327 2.74 1079
7607.44277 18.8453 0.0774 472.3239 316.0266 3.13 1166
7607.46394 18.7083 0.1100 -145.0050 501.8342 3.00 1158
7607.48116 18.4004 0.1522 -1852.9789 904.8163 4.55 1080
7607.49589 18.8520 0.2218 500.5805 842.9164 4.25 1094
7608.25273 18.6825 0.0480 -270.6860 230.7691 4.56 1157
7608.28064 18.6873 0.0533 -246.9430 254.3450 4.57 1151
7608.29897 18.7849 0.0670 209.6875 290.4393 4.05 1127
7608.32156 18.7189 0.0578 -94.7618 267.5149 3.84 1093
7608.33978 18.7895 0.0551 229.9857 239.0141 5.48 1114
7609.21650 18.7136 0.0411 -119.7566 192.4800 3.63 1590
7609.23426 18.7804 0.0345 189.5567 152.5147 3.18 1170
7609.25302 18.7249 0.0391 -66.1921 181.2914 3.16 1166
7609.27034 18.7825 0.0346 199.0115 152.7077 3.02 1125
7609.28821 18.7105 0.0337 -134.4884 158.9757 2.82 1127
7609.30630 18.8090 0.0385 315.9794 165.1719 3.28 1133
7609.33059 18.7062 0.0326 -155.2670 154.3666 3.04 1083
7609.35869 18.7518 0.0356 59.2305 161.4627 3.26 1152
7609.38054 18.6922 0.0388 -222.8411 185.7405 3.22 1043
7609.39808 18.7062 0.0341 -155.4191 161.2528 3.58 1101
7609.41929 18.8183 0.0491 356.6954 208.1495 4.91 1135
7609.43920 18.1002 0.1538 -4055.8330 1204.2583 4.65 1247
7609.44189 18.7586 0.0444 90.4059 199.2879 4.50 1175
7609.46468 18.8269 0.0513 393.6616 215.3233 5.26 1268
7609.47741 18.5857 0.0407 -767.6704 214.4172 5.46 971
7609.49367 18.6921 0.0514 -223.4246 244.6523 6.89 1172
7610.23187 18.7809 0.0478 191.6397 209.8660 3.83 1525
7610.25190 18.8230 0.0606 377.1065 254.2221 3.46 1611
7610.26959 18.7295 0.0598 -44.7250 273.7198 4.05 1517
7610.29419 18.7068 0.0686 -152.5596 319.4504 4.50 1480
7610.29743 18.7627 0.0563 109.1729 250.5331 4.49 1505
7610.35986 18.6933 0.0344 -217.7326 164.8225 3.51 1218
7610.37733 18.7894 0.0476 229.8122 207.4750 3.52 1422
7610.39506 18.7225 0.0431 -77.4925 200.2119 3.51 1442
7610.41266 18.7322 0.0373 -31.9975 172.0928 3.55 1224
7610.43032 18.7390 0.0387 0.0809 177.1166 4.08 1150
7610.45173 18.7804 0.0396 189.4515 174.4621 3.85 1152
7610.46977 18.7476 0.0435 39.9955 197.2073 4.23 1319
7610.48632 18.7316 0.0427 -34.6865 196.7185 4.13 1353
7611.22114 18.8327 0.0421 418.4252 176.7981 3.38 1466
7611.24089 18.7529 0.0423 64.3207 191.0793 4.12 1289
7611.25924 18.7393 0.0427 1.1817 195.3239 4.27 1347
7611.27822 18.7400 0.0441 4.7725 201.2213 5.08 1291
7611.29666 18.7937 0.0449 248.9268 195.0797 4.47 1287
7611.32783 18.7901 0.0462 232.7313 201.4162 3.87 1698
7611.34766 18.7425 0.0431 16.2694 196.3285 3.80 1725
7611.36767 18.7673 0.0403 130.2200 179.7524 3.59 1383
7611.38654 18.7366 0.0423 -11.3223 194.0248 4.09 1306
7611.40486 18.7414 0.0423 11.1379 193.0095 4.35 1236
7611.42507 18.6616 0.0441 -374.2976 216.5086 5.21 1190
7611.46248 18.6249 0.0469 -560.9569 237.8718 5.68 1251
7611.46884 18.7036 0.0521 -168.0214 244.9468 5.74 1312
7611.48442 18.6548 0.0475 -408.0973 234.3180 5.92 1308
7612.21241 18.8402 0.0740 450.5078 303.7677 6.14 2720
7612.23056 18.7728 0.0531 155.0016 234.1539 4.53 1840
7612.24854 18.8529 0.0518 504.1064 212.3277 4.02 1775
7612.27822 18.7738 0.0443 159.6595 195.9525 3.76 1485
7612.29673 18.8345 0.0478 426.3630 199.7006 4.16 1513
7612.31561 18.7529 0.0551 64.4879 247.4548 4.48 2268
7612.33399 18.7509 0.0530 54.9753 238.7070 4.16 2325
7612.35240 18.6919 0.0517 -224.4014 245.6937 4.67 2001
7612.37133 18.7551 0.0580 74.7153 259.6506 5.09 2277
7612.39042 18.7264 0.0506 -59.0868 233.3148 4.41 1951
7612.40885 18.6728 0.0500 -318.1046 242.4144 5.18 1637
7612.42710 18.8180 0.0494 355.2277 209.4164 4.28 1588
7612.44540 18.6951 0.0528 -208.8422 250.1738 5.23 1751
7612.46372 18.6797 0.0552 -284.4080 264.9980 5.88 1730
7612.46526 18.7650 0.0617 119.9739 273.2784 5.25 1690
7612.48064 18.7780 0.0606 178.7221 265.2295 5.17 1980
7616.30418 18.6811 0.0571 -277.2128 273.4925 5.57 2014
7616.32626 18.7935 0.0597 247.7242 257.7609 5.43 1832
7616.34495 18.6303 0.0547 -532.9700 274.8453 5.72 2154
7616.36366 18.6866 0.0652 -250.3942 309.6057 5.78 2401
7616.38219 18.5854 0.0577 -769.6062 301.7202 5.94 2358
7616.42014 18.8546 0.0839 511.2721 338.6557 6.31 2535
7616.47199 19.3320 0.1371 2130.7666 347.7434 6.78 2795
7617.29756 18.7402 0.0575 5.7845 260.8073 5.47 2151
7617.31674 18.5103 0.0494 -1187.1940 278.0969 5.97 2223
7617.33459 18.7472 0.0606 38.1809 272.9711 5.26 2583
7619.35735 18.8828 0.0745 627.9141 293.9756 5.85 2100
7620.24293 18.8040 0.0564 294.3823 241.4408 6.03 1266
7621.21741 18.7286 0.0588 -48.8319 269.2502 5.84 1885
7621.23520 18.7993 0.0430 273.5174 186.1334 4.09 1050
7621.25357 18.7628 0.0371 110.0010 166.3715 3.43 1009
7621.27265 18.7254 0.0375 -63.9844 173.8453 3.83 1066
7621.29555 18.7790 0.0424 182.9631 186.7620 3.84 1145
7621.31299 18.7591 0.0442 92.8304 198.3644 4.47 1148
7621.33179 18.6802 0.0407 -281.8516 196.7651 4.52 1179
7621.36660 18.6773 0.0484 -295.8551 233.6400 5.76 1153
7621.38429 18.7840 0.0451 205.3530 197.4418 4.38 1219
7621.40188 18.8288 0.0454 401.8514 191.0635 4.21 1194
7621.42200 18.7248 0.0454 -66.4474 209.9336 4.65 1297
7621.44157 18.7155 0.0444 -110.8865 207.4855 4.51 1357
7621.45650 18.7211 0.0437 -84.2834 202.9447 4.02 1490
7624.23020 18.0386 0.1313 -4587.5210 1099.1856 5.91 1023
7624.24724 18.6735 0.0579 -314.6343 279.2976 3.88 1089
7624.26585 18.8481 0.0605 483.9933 248.1486 3.57 1062
7624.31111 18.7529 0.0392 64.5522 177.1578 3.82 932
7624.33274 18.8031 0.0374 290.1285 161.8042 3.45 937
7624.35006 18.7470 0.0314 37.0875 143.0468 2.94 929
7624.36747 18.7189 0.0301 -94.4802 140.9567 2.92 911
7624.39777 18.7017 0.0355 -177.1848 168.3631 3.07 931
7624.41534 18.7623 0.0372 107.4443 166.9679 3.54 1028
7624.43318 18.7365 0.0412 -11.6153 189.1570 4.18 1183
7624.44760 18.6929 0.0392 -219.7279 187.4877 4.32 1270
7625.22181 18.7877 0.0553 222.2926 240.4620 5.38 1384
7625.24042 18.7415 0.0462 11.7200 210.3285 5.08 1141
7625.26185 18.7454 0.0433 29.8644 196.9689 5.05 1073
7625.28149 18.7455 0.0381 30.0569 173.4997 3.90 1011
7625.30009 18.7118 0.0389 -128.3604 182.7965 4.08 1039
7625.31873 18.6880 0.0407 -243.6711 195.0764 4.98 1051
7625.33685 18.6021 0.0380 -680.1227 197.4027 5.02 992
7625.35598 18.6505 0.0367 -429.9919 182.5835 2.64 916
7625.38587 18.7162 0.0345 -107.6424 161.5420 3.53 999
7625.40465 18.7789 0.0401 182.8266 176.8229 3.80 1061
7625.42272 18.6649 0.0367 -357.7072 180.3638 4.07 1063
7625.42876 18.7834 0.0415 202.6528 182.1481 4.13 1056
7625.44382 18.8988 0.0539 692.9662 211.6422 5.48 1122
7626.21756 18.7128 0.0367 -123.6734 172.3674 2.96 1927
7626.23631 18.7358 0.0330 -14.8662 152.1668 3.14 903
7626.25644 18.7349 0.0315 -19.1414 145.1451 3.09 891
7626.27753 18.7014 0.0284 -178.4134 135.2720 2.90 806
7626.29598 18.7264 0.0470 -58.9778 216.8986 2.85 798
7626.31920 18.6823 0.0581 -271.3645 277.7729 2.79 812
7626.33761 18.6052 0.0664 -664.1510 339.7727 3.11 774
7626.35563 18.7183 0.0521 -97.3920 241.9125 3.02 841
7626.37376 18.6459 0.0681 -453.3628 335.1641 3.03 812
7626.40296 18.7971 0.0386 263.7933 167.7583 3.81 996
7626.42116 18.7750 0.0407 165.0289 180.2716 4.16 1005
7626.43170 18.7361 0.0398 -13.5712 182.5025 4.64 1049
7626.44679 18.7570 0.0447 83.0517 200.7147 4.89 1069
7627.22435 18.8080 0.0398 311.7982 171.0659 3.55 1059
7627.24679 18.7540 0.0388 69.6183 175.0703 3.47 940
7627.26466 18.8180 0.0446 355.1075 189.5595 3.48 945
7627.28297 18.6455 0.0521 -455.3126 258.3997 3.05 888
7627.30247 18.7290 0.0359 -47.0753 166.1121 3.83 890
7627.32061 18.7773 0.0359 175.3696 159.0503 4.06 882
7627.33851 18.7107 0.0361 -133.8758 169.8858 4.05 900
7627.35655 18.7860 0.0400 214.6394 175.2236 4.01 914
7627.38642 18.7011 0.0369 -179.9381 175.2488 4.28 911
7627.40552 18.6761 0.0470 -301.7784 227.2770 5.44 986
7627.42356 18.7191 0.0477 -93.6021 221.7425 5.59 1035
7627.43881 18.8372 0.0555 437.8685 230.2821 6.13 1076
7628.22683 18.7709 0.0384 146.6931 170.6414 3.64 1061
7628.24546 18.8099 0.0384 320.2538 164.9170 3.57 1039
7628.26510 18.7772 0.0373 174.8488 165.2751 3.67 993
7628.28437 18.7434 0.0380 20.5616 173.3680 3.76 914
7628.30302 18.7455 0.0356 30.0770 162.3680 3.82 950
7628.32188 18.8116 0.0398 327.2758 170.2668 3.42 949
7628.34010 18.7018 0.0356 -176.2529 169.2261 4.10 906
7628.35814 18.7314 0.0381 -35.3419 175.6348 4.32 929
7628.37781 18.7283 0.0376 -49.9676 174.0949 4.76 950
7628.40749 18.6497 0.0405 -433.9370 201.1292 5.31 943
7628.42550 18.6107 0.0423 -635.3131 217.5138 5.70 1002
7628.44480 18.7074 0.0480 -149.4521 225.4406 6.03 1023
7629.23214 18.7647 0.0391 118.3436 174.8050 3.60 1045
7629.25050 18.7323 0.0412 -31.4239 189.6885 4.25 1042
7629.27314 18.7967 0.0435 262.0861 188.5042 4.06 1011
7629.29130 18.7963 0.0409 260.4731 177.6991 4.13 971
7629.30957 18.6320 0.0396 -524.6094 200.3289 3.92 993
7629.32789 18.6968 0.0394 -200.4207 187.5842 4.36 961
7629.34610 18.8407 0.0422 452.7935 175.6158 4.08 942
7629.36455 18.7071 0.0448 -151.0446 210.5716 4.82 1033
7629.38482 18.6291 0.0459 -539.2865 232.0671 5.21 1077
7629.41516 18.8404 0.0803 451.2836 328.9286 5.23 984
7629.42441 18.5810 0.0938 -793.0867 484.5558 5.56 987
7629.43999 18.8481 0.0999 483.9987 402.3596 5.90 1055
7630.24359 18.7804 0.0350 189.4910 154.4302 3.02 1022
7630.26331 18.8436 0.0524 464.8361 216.7116 2.95 989
7630.30746 14.9208 0.2441 -165419.2270 34319.9421 4.44 803
7631.29071 18.6622 0.0393 -371.1076 193.1429 4.57 927
7631.32130 18.6989 0.0457 -190.2492 216.7449 4.85 1098
7631.33867 18.7434 0.0479 20.6577 217.7172 5.51 1062
7631.35569 18.6810 0.0444 -277.7482 214.2220 5.25 1050
7631.37429 18.6869 0.0493 -248.7019 235.6834 6.04 1132
7631.39137 18.7393 0.0454 1.4131 207.2590 5.10 1030
7631.40884 18.7664 0.0493 126.0692 218.9654 5.18 1125
7631.41588 18.8346 0.0566 426.5223 235.3695 5.18 1085
7631.43080 18.6217 0.0478 -577.8738 242.8342 5.85 1103
7632.23467 18.5913 0.0401 -737.7900 210.0852 5.05 990
7632.25353 18.8114 0.0440 326.5370 187.9126 4.26 904
7632.40111 18.6923 0.0436 -222.5394 208.0871 5.09 969
7632.41330 18.6915 0.0388 -226.2403 185.5554 4.26 923
7632.42764 18.8032 0.0398 290.7244 171.9511 3.74 911
7633.23456 18.7277 0.0474 -53.1700 218.6932 5.32 983
7633.25819 18.5978 0.0485 -703.3614 251.9051 6.32 1020
7633.28732 18.6949 0.0488 -209.8086 231.8750 6.69 946
7633.31618 18.6411 0.0410 -477.8780 205.1567 5.54 905
7633.33589 18.8102 0.0515 321.3795 219.7376 6.10 893
7633.35695 18.7293 0.0454 -45.4116 209.1511 5.57 901
7636.24683 18.6403 0.0370 -481.8669 185.7526 4.89 922
7636.27743 18.7557 0.0390 77.1614 176.1307 4.04 926
7636.29836 18.6607 0.0393 -378.3743 193.2711 4.34 857
7636.31600 18.6728 0.0964 -318.5259 457.3449 4.02 757
7636.33402 19.0331 0.4264 1201.3570 1254.1817 5.14 569
7636.35219 18.6835 0.1142 -265.3182 531.9117 3.19 532
7636.37122 18.7015 0.1463 -177.8378 660.6795 3.31 429
7636.41259 18.7513 0.0585 56.9005 262.5936 5.88 991
7638.23330 18.5638 0.0435 -886.8256 233.5826 5.76 1239
7638.25567 18.6804 0.0456 -280.8705 219.7914 5.33 1127
7638.27617 18.6640 0.0449 -362.2178 219.6701 5.44 1031
7638.29430 18.7787 0.0443 181.5648 195.2280 4.24 867
7638.31197 18.8104 0.0527 322.1686 224.4106 4.29 659
7638.34132 18.9036 0.0640 712.3892 248.9252 3.90 512
7638.35866 18.8958 0.0705 680.7235 275.3260 3.34 390
7638.37668 19.0586 0.1336 1291.1354 436.8156 4.39 211
7638.39986 18.7203 0.0388 -87.7572 180.9006 4.09 898
7638.41402 18.6835 0.0441 -265.7598 212.2649 4.40 905
7639.23248 18.5497 0.0426 -964.5666 231.7237 5.39 1317
7639.25156 18.8239 0.0491 380.6788 207.2231 4.27 1378
7639.27176 18.7019 0.0410 -176.1320 193.9511 4.14 1246
7639.29036 18.7318 0.0417 -33.4608 192.2481 3.93 1194
7639.30880 18.7022 0.0370 -174.6629 175.2939 3.37 867
7639.32877 18.7370 0.0743 -9.3180 335.5289 3.26 1037
7639.34833 18.7039 0.0431 -166.5761 203.7107 2.93 692
7639.37786 18.8149 0.0938 341.7797 390.7432 2.99 577
7639.39237 19.2443 0.2418 1884.0289 634.5502 3.13 274
7639.40885 18.7877 0.3337 222.0115 1280.8082 4.20 207
7641.23122 18.5562 0.0661 -928.1689 353.9435 6.83 2938
7641.24997 18.7233 0.0752 -73.7789 343.7545 6.63 2775
7641.30476 18.6892 0.0973 -237.7397 454.2430 6.70 2343
7641.36242 18.5826 0.0977 -784.4747 503.2281 6.24 1370
7641.38083 18.8448 0.1531 469.9149 603.9874 6.86 776
7642.23406 18.8774 0.0744 605.9546 295.0883 5.62 2813
7642.25359 18.7596 0.0644 95.1740 285.8817 5.35 2797
7642.28695 18.5740 0.0525 -830.7815 278.2790 5.98 2086
7642.30563 18.6130 0.0596 -623.2334 303.8470 6.74 1919
7643.23453 18.6859 0.0532 -253.6772 254.1508 5.06 2048
7643.25426 18.7839 0.0647 205.2870 280.8870 5.60 2221
7643.27240 18.9241 0.0812 793.7511 307.5701 6.04 2335
7643.29041 18.5903 0.0648 -743.2344 336.5498 5.89 2560
7643.35611 18.5512 0.1817 -955.7794 927.4360 4.40 2964
7643.38368 18.6779 0.0602 -292.9855 288.7628 5.95 1977
7643.39866 18.7599 0.0658 96.4679 292.2418 5.96 2036
7643.40169 18.6327 0.0553 -520.8670 277.1464 5.49 2053
7644.23637 18.7410 0.0540 9.5129 245.3621 5.29 1713
7644.25745 18.8082 0.0501 312.4144 214.3027 3.80 1809
7644.28984 18.8744 0.0686 593.4060 273.7123 5.65 1967
7644.31003 18.8409 0.0566 453.7046 234.0977 4.26 2003
7644.32785 18.7867 0.0551 217.5681 239.6464 4.67 1992
7644.34582 18.7114 0.0571 -130.5410 266.0517 5.40 2017
7644.36675 18.7118 0.0580 -128.4597 270.2262 5.70 2137
7644.37725 18.6592 0.0638 -385.9504 311.0324 6.19 2107
7644.39225 18.7183 0.0608 -97.3796 280.9869 5.61 2394
7645.23625 18.7049 0.0427 -161.5626 201.3622 3.99 1496
7645.25545 18.6700 0.0432 -332.0656 210.6038 4.88 1529
7645.27264 18.6658 0.0471 -353.1245 230.0445 4.60 1598
7645.30252 18.6129 0.0854 -623.4870 429.9704 6.32 1729
7646.22363 18.7538 0.0473 68.6418 213.0274 3.45 2087
7646.24202 18.7795 0.0404 185.5350 177.9858 3.30 1410
7646.25934 18.7582 0.0405 88.9047 181.9515 3.32 1481
7646.27702 18.7263 0.0389 -59.3952 180.3231 3.35 1543
7646.29680 18.6904 0.0343 -231.8220 164.7404 2.84 1551
7646.31447 18.7107 0.0365 -133.8185 171.8842 3.21 1667
7646.37288 18.6784 0.0432 -290.4789 209.0044 3.24 2439
7647.27667 18.7395 0.0517 2.1087 235.5234 5.18 1606
7647.29535 18.7392 0.0513 0.7996 233.3996 5.00 1625
7647.31294 18.7341 0.0589 -22.8468 268.5504 6.28 1766
7647.33029 18.7373 0.0505 -7.9494 230.4468 4.35 1797
7647.34950 18.6384 0.0540 -491.4093 269.4984 5.21 1981
7649.23621 18.5827 0.0516 -784.0813 271.1475 6.80 1407
7649.25376 18.8113 0.0564 325.9783 239.6477 5.35 1359
7649.27718 18.6458 0.0531 -453.8315 263.3581 6.31 1439
7649.29490 18.6532 0.0527 -416.1179 259.7993 5.99 1509
7650.23602 18.6467 0.0478 -449.1172 237.4244 6.23 1193
7650.27030 18.7099 0.0528 -137.6371 246.7142 5.96 1253
7650.28910 18.7575 0.0417 85.4121 187.3694 3.93 1301
7650.30722 18.7652 0.0403 120.9065 179.9639 3.66 1368
7650.32493 18.7788 0.0478 182.3153 210.2958 4.34 1479
7650.34224 18.6987 0.0513 -191.4424 242.6130 5.33 1555
7650.36061 18.7080 0.0480 -146.6929 225.2135 4.63 1647
7650.37700 18.8171 0.0589 351.3527 248.6321 5.25 1780
7651.23598 18.7618 0.0445 105.4346 198.9084 3.50 1070
7651.25888 18.7649 0.0344 119.4979 154.2971 3.17 1004
7651.27813 18.7244 0.0357 -68.5973 165.8011 3.16 1032
7651.29510 18.7960 0.0385 259.1279 167.2113 3.39 992
7651.31293 18.7610 0.0386 101.5490 173.1817 4.05 1057
7651.34117 18.7983 0.0501 269.1362 216.3237 4.72 1404
7651.36124 18.5093 0.0468 -1192.7250 264.1770 6.13 1567
7651.37556 18.6885 0.0616 -240.8945 292.3844 5.88 1850
7652.25361 18.7944 0.0434 251.7015 188.6985 3.10 984
7652.27154 18.7861 0.0374 214.9886 164.0527 3.71 1053
7652.30872 18.7350 0.0418 -18.5611 191.9461 3.15 1161
7652.32664 18.7853 0.0362 211.4738 159.1069 3.15 1210
7652.34743 18.6900 0.0398 -233.8189 190.6539 3.82 1272
7652.35614 18.7340 0.0386 -23.4261 177.4675 3.54 1276
7652.37127 18.8304 0.0518 408.9751 216.6200 4.67 1369
7653.22878 18.7648 0.0369 118.9866 165.3367 2.65 1490
7653.23181 18.6769 0.0370 -298.2667 179.6934 2.98 1160
7653.25240 18.7928 0.0344 244.7117 150.2770 2.92 1053
7653.27036 18.7804 0.0325 189.5365 143.9298 3.05 965
7653.28835 18.7440 0.0356 23.0695 162.7304 3.38 1069
7653.31101 18.6948 0.0336 -210.3968 160.6658 3.34 1056
7653.34034 18.7110 0.0421 -132.3701 197.7438 4.57 1251
7653.35245 18.7207 0.0401 -85.9167 186.7636 4.13 1233
7653.36758 18.7167 0.0476 -104.8560 221.6876 4.97 1271
7654.23832 18.7600 0.0458 97.0354 205.2638 4.96 1055
7654.25653 18.6560 0.0404 -402.3088 199.6811 4.99 1077
7654.27520 18.8225 0.0461 374.6929 194.7353 4.61 1110
7654.29407 18.7338 0.0539 -24.4581 246.3291 6.36 1121
7655.23856 18.7129 0.0400 -123.1631 187.7370 4.09 1131
7655.25795 18.7649 0.0403 119.3621 180.2505 4.14 1145
7655.27577 18.7221 0.0458 -79.2638 212.4836 4.18 1104
7655.30687 18.7436 0.0411 21.1834 187.3115 4.13 1058
7655.32473 18.7692 0.0383 138.7120 170.5753 3.70 1061
7655.34260 18.7259 0.0408 -61.6694 189.1945 4.15 1108
7655.34860 18.7547 0.0410 72.5370 184.9857 3.84 1234
7655.36360 18.7964 0.0470 260.6342 203.6451 4.47 1305
7657.23517 18.6931 0.0658 -218.6793 310.5413 3.03 1154
7657.25675 18.6744 0.0585 -310.3222 281.7341 2.90 1057
7657.27470 18.6385 0.0466 -491.1108 233.5539 3.13 990
7657.30404 18.6292 0.0446 -538.7527 225.4873 5.64 1108
7657.34383 18.7355 0.0558 -16.3874 254.6185 6.59 1157
7657.35884 18.6503 0.0562 -430.7334 277.2795 6.53 1109
7660.25661 18.7194 0.0379 -92.0413 176.6828 3.81 1018
7660.27489 18.7795 0.0356 185.5421 157.3233 3.01 1040
7660.29419 18.7686 0.0391 136.1773 174.4453 3.64 1077
7660.31234 18.6642 0.0338 -360.8738 166.0997 3.47 1109
7660.32935 18.8351 0.0425 428.7998 177.8201 3.71 1128
7660.33345 18.7716 0.0435 149.8549 192.9976 4.14 1142
7660.34789 18.6952 0.0390 -208.3071 186.1754 3.76 1114
7661.23118 18.4200 0.1465 -1729.1015 857.2378 4.00 1258
7661.24878 18.6350 0.2383 -509.0832 1098.0959 3.64 727
7661.26705 18.6633 0.0407 -365.5259 199.7201 2.73 1008
7661.28503 18.6866 0.0400 -250.4697 192.3748 3.01 973
7661.31376 18.7557 0.0347 77.1805 156.6839 2.68 998
7661.33161 18.7159 0.0306 -108.7312 143.5261 2.76 1116
7661.34700 18.7108 0.0989 -133.3616 452.2911 3.28 1163
7662.23033 18.7230 0.0443 -75.1888 205.2411 3.72 2368
7662.24755 18.6279 0.0640 -545.6722 321.2337 3.03 1030
7662.26462 18.6825 0.0456 -270.4146 219.1214 5.11 1102
7662.29039 18.7754 0.0415 166.9905 183.7786 3.76 1148
7662.30750 18.8026 0.0438 288.2007 188.7376 3.97 1250
7662.32687 18.7454 0.0424 29.8916 192.8607 3.98 1224
7662.34136 18.8223 0.0511 374.0611 215.6613 4.43 1295
7663.22983 18.5890 0.0669 -750.0802 347.2208 6.30 2406
7663.24768 18.7547 0.0475 72.6105 213.5429 5.15 1269
7663.26518 18.9333 0.0573 829.6257 217.6530 5.11 1245
7663.28426 18.5987 0.0433 -698.5360 225.3448 5.56 1239
7663.30154 18.7344 0.0445 -21.4270 204.3792 4.41 1311
7663.31909 18.7668 0.0561 127.8752 248.7011 6.36 1309
7663.34051 18.5172 0.0503 -1147.5769 281.1610 6.72 1378
7664.23409 18.6170 0.0481 -602.0285 245.3069 5.65 1525
7664.25160 18.6557 0.0440 -403.9455 216.9774 4.90 1209
7664.27993 18.7437 0.0525 21.7817 238.0222 5.95 1214
7664.29704 18.7107 0.0533 -133.7569 248.7785 6.29 1192
7664.31774 18.7223 0.0449 -78.5856 208.3595 5.05 1124
7664.32270 18.5264 0.0403 -1094.9458 224.2344 5.72 1101
7665.24022 18.7527 0.0415 63.5078 187.4717 4.12 1234
7665.25934 18.7247 0.0418 -67.1197 193.6073 4.45 1221
7665.27664 18.7532 0.0439 65.7750 197.8889 4.56 1320
7665.29377 18.5739 0.0462 -831.6185 245.3253 5.15 1232
7665.31321 18.6576 0.0423 -394.3863 208.4440 5.05 1261
7665.31933 18.7622 0.0508 107.0044 226.5795 5.22 1320
7665.33389 18.8380 0.0503 441.0524 209.0471 4.98 1187
7666.23767 18.7824 0.0462 198.5945 202.7551 4.83 1137
7666.25802 18.7372 0.0376 -8.4990 172.7855 3.65 1159
7666.27562 18.6895 0.0477 -236.2044 227.7471 5.24 1121
7666.29277 18.7066 0.0437 -153.3490 205.6128 4.74 1124
7666.31681 18.6393 0.0434 -486.7872 217.3296 4.96 1189
7666.33177 18.6158 0.0473 -608.5687 241.6302 5.71 1190
7667.25670 18.6272 0.0465 -548.9342 235.3412 4.97 1259
7667.27610 18.6389 0.0835 -489.0902 411.1442 4.76 1450
7667.29420 18.6745 0.0533 -309.6875 257.2745 5.40 1277
7667.31228 18.7174 0.0445 -101.6569 207.3344 5.25 1092
7667.31529 18.7278 0.0430 -52.6160 198.4834 4.81 1120
7667.33412 18.7532 0.0532 65.8819 239.1662 5.83 1224
7668.32641 18.6945 0.0603 -211.6775 285.0108 6.25 1571
7669.24140 18.5260 0.0514 -1097.2171 284.8961 6.24 1807
7671.23597 18.7920 0.0409 241.2385 178.1296 3.44 1472
7671.25398 18.7708 0.0384 146.1353 170.7355 3.32 1354
7671.27190 18.7150 0.0410 -112.9833 191.7198 3.88 1370
7671.27492 18.7713 0.0409 148.4910 181.4906 3.57 1366
7671.29139 18.9050 0.0588 717.8346 228.9782 3.75 2094
7671.30190 18.7360 0.0623 -13.8365 283.2713 4.82 2692
7672.25429 18.8216 0.0602 370.8588 252.9442 5.52 1633
7672.28468 18.7204 0.0464 -87.5713 215.6281 4.98 1396
7672.29987 18.8048 0.0593 297.6448 253.3745 5.84 1401
7672.31477 18.8218 0.0553 371.5610 232.8439 5.51 1477
7673.31499 18.7311 0.0562 -37.1621 257.4896 5.01 1921
7674.24609 18.6325 0.0522 -521.9903 262.1328 5.88 1804
7674.26626 18.6794 0.0564 -285.5966 270.9006 5.69 1742
7674.28491 18.7660 0.0683 124.3645 301.0529 6.81 1786
7674.29407 18.7513 0.0626 57.0243 280.3631 5.96 1831
7675.24103 18.5902 0.0539 -743.5615 281.3432 6.19 1856
7675.26174 18.6281 0.0536 -544.4584 269.8852 5.94 1696
7675.27982 18.8043 0.0674 295.5999 286.8628 6.53 1796
7675.29030 18.7310 0.0650 -37.6446 296.4295 6.68 1858
7678.25670 18.6772 0.0678 -296.3309 324.5544 6.76 1730
7678.28708 18.6215 0.0615 -578.5966 310.7373 6.43 1957
7678.30198 18.6733 0.0657 -316.0271 315.8204 6.61 1988
7679.25960 18.4995 0.0540 -1249.6898 306.3852 6.29 1480
7679.27832 18.8769 0.0650 603.8874 258.9406 5.55 1874
7679.28138 18.7677 0.0650 131.9463 286.5192 5.12 1829
7679.29710 18.6409 0.0604 -478.7896 300.0631 6.19 2003
7681.24409 18.7951 0.0511 254.9836 220.8309 5.08 1605
7681.26274 18.8143 0.0478 339.3308 203.4948 5.34 1226
7681.27164 18.8189 0.0488 359.4166 206.5401 4.95 1246
7681.28701 18.7068 0.0462 -152.4806 217.2396 5.16 1268
