7442.60086 18.1885 0.2111 -3343.3213 1485.3624 5.59 2012
7442.62377 18.0581 0.1910 -4416.3498 1529.0291 5.32 1846
7443.59076 18.6943 0.3823 -213.0129 1566.0269 5.12 2099
7443.61767 19.1175 0.6098 1490.1395 1535.2922 4.60 1982
7443.64035 19.4463 1.0737 2423.6755 1657.4669 3.95 2511
7446.58039 18.6237 0.3236 -567.0903 1451.0647 6.61 2448
7446.60409 18.5119 0.2764 -1177.8025 1402.6254 6.66 2408
7446.63172 19.2885 0.7958 2010.8326 1585.5866 4.43 2217
7447.57473 18.7915 0.3631 239.1246 1371.2665 5.86 2281
7447.60868 19.4033 0.9645 2316.9204 1616.4414 4.55 2149
7447.63415 19.2030 0.6588 1760.6198 1502.2155 3.46 2427
7448.57567 17.9664 0.2047 -5251.6536 1772.1936 6.15 2622
7448.60022 18.1637 0.2416 -3537.8425 1716.1777 4.95 2475
7450.55280 19.3895 0.8576 2281.7989 1518.7665 6.44 2636
7451.61295 18.5597 0.2814 -908.8469 1363.5299 6.96 2592
7451.63927 19.3837 1.0821 2267.0487 1763.8269 4.72 2597
7452.56026 19.3877 0.9101 2277.2017 1580.9801 3.75 1663
7452.58355 19.7397 2.4371 3048.5378 1800.9123 4.54 1773
7452.60657 19.7634 2.0300 3092.0635 1667.0019 3.74 1599
7454.60464 19.0597 0.5508 1294.9555 1499.2797 6.27 1424
7457.55231 19.9441 4.9744 3394.3391 1651.4842 4.09 1511
7457.57900 19.5553 1.1341 2675.6891 1547.2453 4.09 1445
7457.63616 19.7170 1.9983 3005.9876 1730.4205 3.58 1321
7459.58255 19.5524 1.0933 2669.3357 1519.1599 6.37 1873
7459.62858 19.4179 0.9569 2353.8126 1586.9603 5.79 1664
7459.64971 19.7513 2.1684 3069.9525 1722.4852 5.56 2063
7460.54445 19.1670 0.5774 1649.3826 1407.9026 6.24 1861
7460.56587 18.6523 0.3359 -420.7652 1459.2213 6.29 1790
7460.58697 19.0373 0.5858 1216.3449 1603.9068 4.54 1700
7460.60799 19.8352 2.4555 3218.2011 1652.5108 4.42 1658
7460.62898 19.5392 1.2329 2640.0826 1644.4817 4.49 1625
7462.55665 19.0794 0.5157 1362.6148 1399.1832 5.54 1450
7462.57706 18.8746 0.4673 594.5581 1562.6860 5.58 1476
7462.59830 18.7673 0.4203 130.0987 1583.2248 4.81 1417
7462.61957 19.3342 0.9793 2136.7077 1738.7942 3.31 1474
7462.64075 19.1113 0.7007 1469.6860 1708.7017 3.68 1562
7464.54046 19.3925 0.9899 2289.5910 1658.9131 3.70 1742
7464.56594 19.4927 1.1980 2534.0858 1689.9232 3.28 1855
7464.58878 19.0881 0.7537 1392.0820 1837.3316 3.68 1922
7464.61219 18.9308 0.5921 819.8430 1783.5114 3.89 1915
7465.52579 18.6531 0.4131 -416.7637 1734.2376 5.22 1197
7465.55633 18.7653 0.5009 121.1050 1826.2116 4.66 1477
7465.57871 18.8399 0.4821 449.1259 1654.3351 4.22 1510
7465.60117 19.0800 0.6981 1364.7926 1753.9555 3.87 1512
7465.62316 18.7786 0.4336 181.5278 1607.3406 4.36 1497
7465.64655 19.0206 0.6250 1156.7552 1709.4676 4.64 1630
7466.52602 18.7866 0.4689 217.0169 1699.5002 4.79 1491
7466.54781 18.8316 0.4358 413.8340 1537.0779 4.79 1735
7467.52579 18.9266 0.4721 803.2305 1501.9179 5.75 1615
7467.55064 19.0875 0.5627 1390.0764 1485.4958 5.45 1869
7467.57564 19.3254 0.8349 2112.6636 1582.7753 4.24 2988
7467.62102 19.3384 0.8092 2147.7692 1531.6636 3.78 1430
7467.64426 19.2679 0.8609 1952.3632 1702.9986 3.58 1409
7470.54369 17.4420 0.8293 -11656.1568 8930.0881 4.97 2225
7470.56471 12.6286 0.0873 -1402808.3938 108751.5035 4.21 2078
7476.54203 19.5415 1.1638 2645.1239 1590.0013 5.31 2589
7476.56789 19.1465 0.6660 1584.2700 1595.0254 4.85 2526
7476.61885 19.2173 0.7650 1803.9742 1647.9471 4.20 2865
7476.64229 19.1977 0.7624 1744.5740 1674.1136 4.23 2673
7479.49235 18.7165 0.0626 -106.0838 289.5650 6.24 2639
7479.51215 18.8019 0.0662 285.1378 282.4850 6.24 2621
7479.53599 18.7620 0.0568 106.0391 252.8106 5.46 2115
7479.55582 18.7037 0.0536 -167.5010 251.9067 5.18 2322
7479.61210 18.7542 0.0650 70.3483 290.1896 6.53 2541
7480.60052 18.9409 0.0711 858.9588 266.5774 6.46 1684
7480.61811 18.7849 0.0664 209.7738 287.7346 5.79 1708
7480.63581 18.8701 0.0776 575.9360 309.3422 6.68 1610
7481.50270 18.8132 0.0557 334.3968 236.3089 4.89 1237
7481.50571 18.7492 0.0558 47.2589 251.2977 5.75 1307
7481.52198 18.6792 0.0619 -286.8329 296.2359 6.20 1326
7481.53945 18.8763 0.0638 601.4092 254.5673 6.14 1318
7481.55767 18.6283 0.0386 -543.6244 195.8302 4.05 1295
7481.57603 18.7249 0.0493 -66.3587 227.8150 4.82 1392
7481.59404 18.7152 0.0399 -112.1104 186.6062 3.60 1238
7481.61386 18.7389 0.0349 -0.3734 160.1119 3.26 1198
7481.63187 18.7958 0.0383 258.1100 166.4023 3.40 1151
7481.65191 18.7974 0.0395 265.1206 171.4884 3.62 1101
7482.47784 18.7400 0.0507 4.5505 230.9940 4.68 1111
7482.50069 18.6445 0.0520 -460.6479 258.2545 5.22 1099
7482.52784 18.8072 0.0454 308.3809 194.7463 4.32 1154
7482.54834 18.9779 0.0667 999.8650 242.0562 5.63 1249
7482.56664 18.6796 0.0406 -284.6308 196.3545 4.08 1279
7482.58405 18.8146 0.0481 340.7477 204.5039 3.29 1199
7482.60147 18.7362 0.0399 -13.3073 183.3048 3.91 1213
7482.61876 18.7591 0.0375 92.7831 168.7789 3.50 1124
7482.63664 18.7841 0.0469 205.8132 205.3541 4.83 1088
7486.47292 18.7428 0.0474 17.9002 215.3529 4.41 1055
7486.48500 18.6890 0.0401 -238.4054 192.3637 5.04 1100
7486.49691 18.7713 0.0471 148.4511 208.7829 4.27 1065
7486.51155 18.7164 0.0392 -106.5381 183.2573 4.38 1091
7486.52338 18.6769 0.0359 -297.7927 174.1908 3.98 1167
7488.46414 18.6830 0.0560 -267.8253 267.8312 6.09 1130
7488.48270 18.7558 0.0496 77.7430 222.4269 5.41 1074
7488.53810 18.8524 0.0433 502.2400 178.3930 4.02 1019
7488.55623 18.8055 0.0539 300.5925 230.8236 5.36 1055
7488.57491 18.8282 0.0525 399.1764 220.2197 4.12 1040
7488.59438 18.9340 0.0730 832.2867 275.0584 6.55 1155
7488.61713 18.7286 0.0453 -48.9328 209.0828 4.99 1129
7488.64385 18.7302 0.0382 -41.1794 176.4157 3.90 1042
7489.46725 18.7314 0.0429 -35.5457 197.3910 4.59 1031
7489.48484 18.7825 0.0496 198.8848 217.0679 4.25 1098
7489.50274 18.8016 0.0421 283.6524 181.9122 4.02 1034
7489.52157 18.6747 0.0366 -308.9430 178.0176 3.90 1032
7489.54256 18.7385 0.0400 -2.3318 183.4311 3.68 1028
7489.57164 18.7728 0.0416 155.2433 184.6707 3.88 1058
7489.58934 18.7058 0.0402 -157.2960 189.9595 4.18 1160
7489.60871 18.7121 0.0372 -126.8631 174.9276 3.67 1156
7489.63472 18.7572 0.0393 83.9924 176.9188 3.92 1231
7489.65556 18.7845 0.0464 207.7125 203.1667 4.64 1239
7490.47959 18.5279 0.1070 -1086.4476 577.1154 5.10 1003
7490.50155 18.7851 0.0829 210.4206 356.6715 4.78 1115
7490.51969 18.7373 0.0416 -7.8829 190.7823 3.78 1029
7490.53703 18.7759 0.0380 169.2513 168.3513 3.87 1073
7490.56601 18.8295 0.0415 405.0770 174.8296 3.86 1149
7490.58341 18.6920 0.0428 -224.0809 204.4106 3.68 1167
7490.60094 18.7229 0.0452 -75.8445 209.6846 4.15 1242
7490.62094 18.7355 0.0462 -16.4161 211.5303 3.88 1282
7490.64165 18.9958 0.1391 1066.3346 480.6262 5.06 1353
7490.65965 19.5373 1.8915 2635.8624 2001.9750 6.12 1242
7491.46531 18.7486 0.0664 44.7308 297.5199 4.83 796
7491.48391 18.8421 0.0449 458.6414 186.4133 4.24 1031
7491.50231 18.7377 0.0425 -5.9992 194.4956 3.82 1056
7491.52254 18.7713 0.0455 148.1853 201.9070 4.60 1074
7491.54010 18.6898 0.0432 -234.4623 206.6888 3.89 1107
7491.56268 18.6574 0.0467 -395.3499 229.6709 4.52 1120
7491.59206 18.6795 0.0383 -285.3173 185.2715 3.90 1118
7491.60979 18.7345 0.0368 -21.0956 169.6264 3.64 1205
7491.63119 18.7512 0.0369 56.4216 167.3643 3.49 1146
7491.64947 18.7889 0.0400 227.6093 174.9352 3.27 1086
7491.66897 18.7136 0.0408 -119.8656 191.3122 4.09 1248
7492.46053 18.8453 0.0732 472.1007 299.4727 5.64 864
7492.47894 18.7320 0.0379 -32.5684 174.8803 3.74 974
7492.49755 18.7075 0.0415 -148.8788 195.4885 4.41 1029
7492.51786 18.7544 0.0362 71.3289 163.5485 3.43 1019
7492.53649 18.8173 0.0342 352.2005 145.8992 2.74 1055
7492.56032 18.7386 0.0370 -2.0234 169.5077 2.77 1074
7492.59813 18.7734 0.0332 157.7366 147.8420 2.94 1165
7492.61760 18.7520 0.0335 60.4772 151.9526 2.99 1152
7492.64037 18.7168 0.0381 -104.5636 178.3184 2.48 1077
7492.66757 18.8293 0.0347 404.1761 146.4135 3.14 1273
7493.46286 18.6455 0.0417 -455.5145 207.9346 4.03 1029
7493.48135 18.7065 0.0507 -153.6124 238.0805 4.30 1048
7493.49979 18.7870 0.0428 219.0795 187.1147 4.40 1041
7493.51856 18.7641 0.0366 115.7601 163.8137 3.53 976
7493.53750 18.7183 0.0362 -97.6130 169.1661 3.15 969
7493.55681 18.7298 0.0377 -43.2721 174.1359 3.34 1146
7493.57972 18.7068 0.0400 -152.4835 188.8316 3.52 1127
7493.60616 18.7567 0.0482 81.7887 216.0810 3.79 1197
7493.62966 18.7215 0.0367 -82.2066 170.7926 3.56 1142
7493.65231 18.8251 0.0456 385.8602 192.3227 4.22 1205
7493.67120 18.7375 0.0661 -7.1554 299.3693 6.67 2058
7494.45144 18.7462 0.0448 33.3809 203.3225 4.52 814
7494.47053 18.7366 0.0402 -11.2216 184.4790 4.15 1065
7494.48909 18.7965 0.0650 261.0062 279.0227 5.53 972
7494.50993 18.7230 0.0804 -75.2100 366.7245 5.58 911
7494.52856 18.7909 0.1151 236.4412 485.3937 4.21 805
7494.54724 18.8261 0.0588 390.4415 246.5107 5.09 1228
7494.58003 18.7053 0.0404 -159.4937 190.7310 3.97 1360
7494.60307 18.7323 0.0443 -31.4131 203.6654 4.41 1303
7494.62448 18.7836 0.0349 203.8001 153.7481 3.04 1201
7494.64355 18.6896 0.0292 -235.4694 140.8100 2.70 1182
7494.66434 18.7448 0.0369 26.7855 168.1420 3.34 1230
7496.47209 18.9250 0.0534 796.9662 204.8376 4.86 1279
7496.49076 18.6942 0.0364 -213.4227 173.7909 3.62 1231
7496.50935 18.7451 0.0343 28.2652 156.5956 3.41 1236
7496.52779 18.6612 0.0330 -376.0144 162.9156 3.32 1256
7496.54646 18.7319 0.0507 -33.1848 232.6062 2.69 1207
7496.60357 18.7317 0.0323 -34.2500 149.2605 2.76 1149
7496.63269 18.8014 0.0471 282.7317 203.0063 3.83 1229
7496.65151 18.7591 0.0357 93.0682 160.6568 3.35 1186
7496.67016 18.6990 0.0338 -189.7737 161.2209 3.28 1349
7497.44422 18.7305 0.0569 -39.6015 260.4201 4.62 1408
7497.46267 18.7816 0.0433 194.6212 190.1834 3.99 1384
7497.48128 18.7423 0.0382 15.1344 174.6754 3.58 1323
7497.50018 18.8606 0.0554 536.4762 225.0536 4.19 1297
7497.51886 18.6856 0.0415 -255.2660 199.4663 4.10 1295
7497.56396 18.9213 0.1104 782.5173 413.7339 3.62 1794
7497.58433 18.8572 0.1586 522.2574 616.9568 5.36 1932
7497.61666 18.7439 0.0346 22.7196 158.2916 3.23 1156
7497.63634 18.6860 0.0546 -253.4273 260.7801 3.38 1153
7497.65497 18.2980 0.1372 -2537.0312 902.2003 6.53 1162
7498.44323 18.7172 0.0532 -102.5900 246.8906 4.11 1410
7498.46449 18.7376 0.0432 -6.5815 197.7713 4.10 1332
7498.48495 18.7886 0.0405 226.2066 177.2533 3.60 1306
7498.50401 18.7741 0.0406 161.0406 179.8458 3.68 1359
7498.53537 18.7299 0.0374 -42.3801 173.0894 3.52 1266
7498.55368 18.7919 0.0424 240.8133 184.7847 3.83 1306
7498.57206 18.6807 0.0332 -279.2794 160.6671 3.13 1302
7498.59487 18.7482 0.0353 42.5704 160.6343 3.22 1328
7498.63910 18.7278 0.0399 -52.7093 184.7099 3.55 1521
7498.65817 18.7277 0.0449 -52.7674 207.4190 4.26 1447
7498.67658 18.9671 0.0659 959.3266 241.8150 4.42 2277
7502.44402 18.7540 0.0753 69.6954 334.6336 5.75 2985
7502.46862 18.7381 0.0643 -4.0045 291.5497 5.35 2997
7502.48074 18.6618 0.0563 -373.2188 274.7335 4.58 2955
7502.49289 18.6814 0.0486 -275.8142 233.5123 3.88 2913
7502.50501 18.6557 0.0565 -403.5734 277.2904 4.57 2918
7502.52027 18.7745 0.0542 162.7325 238.7642 4.17 2837
7502.53253 18.8114 0.0563 326.7805 239.3600 4.29 2233
7502.54462 18.8455 0.0581 473.2333 239.3442 4.47 1940
7502.55729 18.7879 0.0519 222.7616 226.0103 3.99 1833
7502.57770 18.7751 0.0528 165.5242 232.3560 3.96 1798
7502.59305 18.7618 0.0657 105.2441 291.0892 5.20 1907
7503.43146 18.6651 0.0721 -356.5456 347.9809 4.86 2601
7503.44643 18.8910 0.0769 661.3070 300.9572 5.67 2750
7503.45931 18.8160 0.0672 346.8301 283.1848 5.31 2642
7503.47397 18.7021 0.0595 -175.0913 279.1623 5.04 2555
7503.50560 18.6644 0.0576 -360.2806 280.2352 4.93 2682
7503.51891 18.7270 0.0616 -56.2936 282.3893 5.00 2710
7503.53461 18.8017 0.0650 283.9267 277.8347 4.92 2560
7503.55501 18.8038 0.0591 293.5110 252.6388 4.92 2541
7503.56781 18.7513 0.0497 57.2493 224.1261 4.33 2182
7503.58002 18.7375 0.0551 -7.0042 250.8744 4.63 2192
7503.59402 18.7642 0.0568 116.0282 252.2761 4.19 2048
7506.59007 18.7052 0.0470 -160.1078 221.1951 3.74 2310
7506.60843 18.6946 0.0436 -211.1727 207.3629 3.68 2494
7506.62277 18.7663 0.0433 125.9384 193.1251 3.35 2140
7506.64273 18.7452 0.0537 28.8961 242.9180 3.37 2010
7506.65691 18.8091 0.0456 316.7638 195.2693 3.48 1839
7506.66791 18.6741 0.0415 -312.0744 201.7558 3.35 2155
7507.40727 18.7526 0.0696 62.8670 310.2920 5.09 1774
7507.42371 18.8103 0.0680 321.8110 287.8515 6.10 2042
7509.40001 18.8604 0.0541 535.4371 220.0474 5.36 1050
7509.41595 18.6464 0.0451 -450.5084 224.1578 4.47 977
7509.42819 18.6932 0.0364 -218.2556 174.3489 3.98 949
7509.44137 18.8074 0.0401 309.2167 172.3605 3.88 965
7509.45492 18.6679 0.0364 -342.4659 178.2340 3.79 969
7509.47101 18.8053 0.0417 299.8473 179.5838 3.87 997
7509.48386 18.7416 0.0408 12.3095 186.2603 3.31 1043
7509.50486 18.7696 0.0389 140.9256 173.1738 3.41 1216
7509.52428 18.7340 0.0444 -23.4997 203.8761 4.21 1292
7509.53587 18.7440 0.0517 23.2918 234.4567 3.94 1287
7509.54870 18.8036 0.0430 292.6426 185.2315 4.05 1326
7509.56057 18.6969 0.0395 -200.1505 188.0359 3.91 1377
7509.57374 18.8231 0.0430 377.1592 182.0903 3.44 1264
7509.58864 18.7176 0.0357 -100.9286 166.8931 3.28 1284
7509.60358 18.7574 0.0386 84.9114 173.9340 3.47 1301
7509.61589 18.7649 0.0358 119.2623 160.1338 2.99 1252
7509.62782 18.7351 0.0337 -18.0245 155.1975 3.06 1286
7509.64699 18.7856 0.0445 212.7335 194.8073 3.44 1365
7509.66673 18.7009 0.0370 -180.8812 175.4805 3.42 1285
7510.40964 18.7428 0.0368 17.5262 168.1063 3.87 1055
7510.42153 18.6556 0.0329 -404.0966 163.1726 3.60 935
7510.43407 18.7064 0.0324 -154.5624 153.3054 3.38 974
7510.44581 18.7007 0.0293 -181.6829 139.7274 2.98 926
7510.45796 18.7423 0.0330 15.4417 151.1620 3.24 926
7510.47377 18.7742 0.0274 161.3432 121.9353 2.55 924
7510.48640 18.6995 0.0443 -187.6511 209.7407 2.82 987
7510.49910 18.7021 0.0299 -175.2470 142.5128 2.47 973
7510.51318 18.7632 0.0336 111.7489 150.8048 2.52 963
7510.52923 18.7253 0.0351 -64.5146 162.9335 2.29 939
7510.54925 18.6816 0.0318 -274.7134 153.8411 2.79 1064
7510.56123 18.7202 0.0420 -88.4821 195.6582 2.54 1119
7510.57457 18.7068 0.0298 -152.3502 141.4142 2.80 1168
7510.58990 18.7192 0.0318 -92.9778 148.9721 2.82 1249
7510.60284 18.7457 0.0317 31.0320 144.8522 2.88 1263
7510.61660 18.7938 0.0321 249.3420 140.3683 2.75 1263
7510.62868 18.8563 0.0364 518.2914 149.8710 2.83 1362
7510.64213 18.7205 0.0312 -87.0277 145.6757 2.87 1363
7510.65449 18.7571 0.0324 83.5153 146.3080 2.69 1250
7510.66834 18.7412 0.0394 10.4097 180.0203 2.55 1289
7511.39423 18.7573 0.0366 84.8038 164.8290 3.67 1009
7511.42194 18.7653 0.0347 121.3731 155.5900 3.54 1048
7511.43376 18.7200 0.0296 -89.5469 138.5309 2.96 975
7511.44570 18.7213 0.0301 -83.3051 140.6807 2.89 995
7511.45759 18.7469 0.0292 36.5915 133.4554 2.74 956
7511.47099 18.6455 0.0375 -455.2732 187.3252 3.89 1076
7511.48363 18.7561 0.0360 79.1833 162.5415 3.48 1085
7511.49613 18.7484 0.0400 43.4633 181.5479 3.96 1157
7511.51021 18.7207 0.0353 -86.0680 164.8414 3.37 1056
7511.52273 18.7803 0.0369 188.8917 162.8265 3.32 1045
7511.53619 18.6824 0.0312 -271.1041 150.9152 2.97 1067
7511.54358 18.7185 0.0393 -96.5998 183.3773 3.65 1136
7511.55902 18.7610 0.0422 101.6941 189.3272 3.10 1104
7511.57500 18.7471 0.0321 37.4145 146.4225 2.76 1105
7511.58887 18.8178 0.0470 354.3916 199.3037 2.85 1256
7511.60421 18.7879 0.0678 222.7934 293.0522 3.58 1366
7511.61639 18.7984 0.0722 269.7495 308.2915 3.85 1345
7511.62870 18.8213 0.1028 369.5691 423.7928 4.96 1381
7511.64151 18.7940 0.0495 249.9136 214.5499 3.40 1311
7511.65577 18.8130 0.0463 333.7338 197.4871 3.99 1281
7511.67507 18.8204 0.0501 365.9110 211.6696 3.95 1387
7512.39668 18.7832 0.0537 202.1907 234.5901 5.94 1757
7512.41548 18.9420 0.0645 863.5678 242.1679 6.25 1784
7512.43057 18.6674 0.0396 -345.1139 193.7425 4.37 1668
7512.43916 18.6609 0.0369 -377.5885 181.8385 4.11 1013
7512.45746 18.7437 0.0474 21.8887 215.3227 4.47 1098
7512.46881 18.6981 0.0449 -194.2124 213.0925 5.13 1068
7512.48001 18.7267 0.0526 -57.8820 242.2010 4.65 1044
7512.49131 18.8422 0.0627 459.1421 258.4469 6.15 1223
7512.50299 18.7761 0.0521 170.0568 229.2443 3.76 1035
7512.51470 18.7087 0.0367 -143.2636 173.0898 3.89 1108
7512.54676 18.7896 0.0320 230.6146 140.4994 2.95 1154
7512.55984 18.7172 0.0368 -102.5690 172.2087 3.68 1176
7512.57284 18.7759 0.0404 169.1086 178.8769 4.12 1168
7512.58589 18.8390 0.0482 445.3764 200.7026 4.36 1220
7512.60495 18.8016 0.0448 283.5854 193.1400 4.23 1339
7512.61646 18.8045 0.0454 296.4943 195.1058 4.32 1393
7512.62852 18.7790 0.0500 182.9425 219.5047 4.37 1428
7513.39193 18.6914 0.0440 -226.7306 210.1481 4.11 720
7513.40477 18.6855 0.0378 -255.6258 181.7508 3.78 851
7513.41716 18.7427 0.0352 17.1273 160.7819 3.62 1013
7513.43043 18.7349 0.0324 -18.9618 149.4986 3.21 923
7513.44490 18.7341 0.0309 -22.9434 142.7488 3.06 972
7513.45766 18.7437 0.0346 22.0577 157.9888 3.31 950
7513.47121 18.7017 0.0382 -176.7345 181.0175 3.68 972
7513.49242 18.8258 0.0402 388.8432 170.0720 3.71 1033
7513.50920 18.7390 0.0360 -0.0222 165.1816 3.42 1071
7513.52437 18.8036 0.0309 292.4530 134.0140 2.69 1076
7513.53827 18.7906 0.0346 234.8106 151.4618 3.20 1106
7513.55247 18.7573 0.0360 84.4006 162.5094 3.13 1087
7513.56807 18.7303 0.0437 -40.6252 201.2160 2.55 966
7513.58450 18.7094 0.0279 -140.1393 131.7972 2.83 1017
7513.59987 18.7058 0.0459 -156.9923 216.1425 3.30 1075
7513.61503 18.7163 0.0270 -106.8130 126.9135 2.65 1009
7513.63502 18.7244 0.0385 -68.6587 178.9397 2.99 1126
7513.65810 18.7178 0.0427 -99.6562 199.1719 4.19 1347
7513.67062 18.7305 0.0397 -39.8602 183.4283 3.59 1436
7514.39515 18.6608 0.0570 -378.2307 278.5144 4.64 822
7514.40746 18.7616 0.0607 104.4688 269.7528 4.48 1007
7514.42031 18.7760 0.0490 169.8012 216.1290 4.31 1026
7514.43284 18.8237 0.0472 379.9475 199.0382 3.76 1021
7514.44705 18.8017 0.0367 284.0747 158.7569 3.47 1015
7514.46009 18.6929 0.0329 -219.7643 157.7143 3.43 926
7514.47582 18.7761 0.0317 170.2278 140.9686 2.89 980
7514.48861 18.7494 0.0319 48.4181 145.0204 3.06 972
7514.50174 18.7198 0.0329 -90.2887 153.7059 3.03 942
7514.51470 18.8163 0.0480 347.9697 203.8941 2.91 1002
7514.53740 18.7521 0.0328 60.5013 149.0082 3.17 1056
7514.55082 18.7463 0.0328 33.8999 149.7346 3.04 1031
7514.56640 18.7373 0.0312 -8.1254 143.6954 2.99 1034
7514.56796 18.7405 0.0309 6.8011 142.0776 2.83 1069
7514.58342 18.7102 0.0320 -136.1617 150.8878 3.05 1192
7514.60194 18.7174 0.0307 -101.9541 144.1075 3.10 1137
7514.61898 18.6787 0.0302 -289.3301 146.5863 2.97 1192
7514.63474 18.7699 0.0373 141.8452 166.1028 2.90 1256
7514.65027 18.7694 0.0335 139.5694 149.7648 2.89 1341
7514.66295 18.8115 0.0364 326.9260 156.2320 3.07 1304
7518.38550 18.7564 0.0636 80.6085 283.4601 4.59 707
7518.39807 18.5950 0.0357 -718.0240 186.8699 4.36 971
7518.41814 18.5295 0.0311 -1077.5435 173.5147 4.07 900
7518.43057 18.8468 0.0431 478.3458 178.5605 4.27 958
7518.44315 18.6756 0.0401 -304.5203 194.7785 4.25 969
7518.45623 18.7595 0.0361 94.6317 162.3950 3.63 944
7518.46922 18.8639 0.0553 550.2970 224.1441 4.54 980
7519.37786 18.6714 0.0326 -325.1368 159.2010 3.14 868
7519.39002 18.7486 0.0341 44.6877 155.1637 3.04 887
7519.40808 18.7580 0.0367 87.9399 165.4303 2.63 891
7519.41960 18.7128 0.0260 -123.4332 122.7946 2.81 908
7519.43127 18.7076 0.0386 -148.6425 181.8175 2.85 958
7519.44293 18.6924 0.0402 -222.2014 192.0229 2.39 853
7519.46328 18.7404 0.0263 6.7482 121.2175 2.72 883
7519.47601 18.6766 0.0282 -299.6512 137.6336 2.38 879
7519.49128 18.7804 0.0297 189.2366 131.5767 2.64 932
7519.50373 18.7185 0.0273 -96.5587 128.3176 2.57 1037
7519.52136 18.7325 0.0480 -30.5942 220.3764 2.62 1001
7519.54050 18.7040 0.0292 -166.0592 138.6141 2.58 957
7519.57366 18.7977 0.0356 266.5513 154.8748 3.33 1135
7519.58834 18.8054 0.0392 300.3659 168.7971 3.07 1131
7519.60328 18.8021 0.0376 285.8964 162.6102 3.29 1201
7519.61481 18.8014 0.0469 282.8570 202.0878 3.44 1174
7519.63325 18.8052 0.0383 299.5280 165.2562 3.28 1211
7519.64652 18.6541 0.0393 -411.8991 194.5604 3.61 1323
7520.37097 18.8287 0.0463 401.5469 194.5756 4.27 1171
7520.38397 18.7489 0.0399 45.9610 181.1269 3.93 1164
7520.39652 18.8405 0.0428 452.0374 178.4001 3.83 1074
7520.40929 18.8349 0.0532 428.1875 221.7858 3.75 1109
7520.42411 18.6811 0.0415 -277.2649 200.1384 3.64 1049
7520.43662 18.7275 0.0367 -53.7262 170.0209 3.75 1071
7520.44917 18.6661 0.0463 -351.5117 226.0137 4.73 1140
7520.46224 18.7800 0.0476 187.4641 209.3091 4.23 1089
7520.47474 18.8541 0.1030 509.1709 412.3024 4.00 1127
7520.49437 18.7954 0.0681 256.0680 292.1307 4.32 1100
7520.50843 18.8570 0.0814 521.3157 328.1081 3.86 1090
7520.52041 18.7169 0.0353 -104.2507 165.3564 3.47 1005
7520.53278 18.7653 0.0408 121.3447 182.0410 3.94 1107
7520.54818 17.9033 0.5921 -5868.1387 4594.9469 5.59 966
7520.56116 18.6873 0.0395 -246.9938 189.6375 3.73 1224
7520.57363 18.7294 0.0451 -45.0598 207.7718 3.88 1295
7520.58572 18.6356 0.1075 -505.7045 525.1307 4.93 1311
7520.59820 18.6633 0.0405 -365.4307 198.5910 3.52 1314
7520.61023 18.7334 0.0509 -25.9829 233.2740 3.83 1358
7520.62953 18.7015 0.0390 -178.0030 184.8239 3.65 1314
7520.64285 18.8803 0.2805 617.9705 1011.9964 5.84 1189
7520.67106 18.7352 0.0582 -17.9559 265.0590 5.55 1268
7523.37584 18.7064 1.3460 -154.0988 3706.8696 6.76 2760
7523.39031 18.7310 0.3627 -37.4512 1448.3993 6.69 2275
7523.40545 18.7736 0.1046 158.7550 450.5687 5.34 1906
7523.41585 18.6934 0.1007 -217.2148 467.5906 3.88 1864
7523.42751 18.8751 0.0416 596.2944 167.9924 3.21 1307
7523.43937 18.7057 0.0351 -157.5048 165.9615 2.98 1137
7523.45868 18.7158 0.0400 -109.5011 186.9811 3.10 1084
7523.47135 18.6863 0.0292 -251.7721 141.0837 2.97 1118
7523.48502 18.7811 0.0315 192.4845 139.3849 3.10 1028
7523.49823 18.7966 0.0417 261.5217 180.7885 3.50 1003
7523.50251 18.7690 0.0342 137.8328 152.6365 3.01 1002
7523.51143 18.8228 0.0331 376.2630 140.6671 3.16 964
7523.52533 18.7437 0.0350 22.0024 159.7541 3.33 1121
7523.54009 18.8449 0.0461 470.5094 191.1014 4.18 1160
7523.55784 18.7116 0.0356 -129.4468 167.6401 3.37 1478
7523.57350 18.7005 0.0415 -182.7527 196.6855 3.30 1128
7523.58548 18.7492 0.0455 47.5460 205.8909 4.44 1275
7523.60482 18.7715 0.0495 149.4987 219.0536 4.84 1311
7523.61677 18.7414 0.0413 11.2774 188.6200 3.71 1319
7523.62834 18.7582 0.0427 88.8815 191.6697 3.82 1367
7523.64018 18.7905 0.0359 234.3824 156.9645 3.00 1315
7523.65218 18.7844 0.0426 207.4611 186.6212 3.32 1358
7523.66361 18.7335 0.0362 -25.8765 166.8718 3.12 1297
7523.67484 18.7195 0.0362 -91.9068 169.1448 3.19 1341
7524.36243 18.7976 0.0456 266.0381 197.2818 3.24 1317
7524.37488 18.7205 0.0333 -86.7840 155.4685 3.10 1218
7524.38699 18.7447 0.0325 26.5825 148.5016 3.13 1092
7524.39943 18.7560 0.0341 78.7344 154.2842 3.04 1192
7524.41121 18.7738 0.0327 159.8846 145.2920 2.96 1000
7524.43150 18.7409 0.0344 8.9389 157.8263 3.19 1046
7524.44733 18.8323 0.0541 416.9395 225.6258 4.67 1088
7524.45960 18.7191 0.0372 -93.5255 173.6509 3.48 1043
7524.47158 18.7703 0.0357 143.6976 159.2222 3.37 981
7524.48361 18.6677 0.0328 -343.8222 160.7050 3.29 989
7524.49937 18.7473 0.0279 38.6662 127.5272 2.77 943
7524.51106 18.7606 0.0290 99.6379 131.0094 2.78 933
7524.52225 18.7568 0.0299 82.3508 135.1900 2.37 868
7524.53546 18.7368 0.0437 -10.4400 200.2031 2.63 929
7524.55013 18.6936 0.0350 -216.2424 167.6488 2.50 974
7524.56927 18.7382 0.0292 -3.5980 134.6074 2.61 1074
7524.58096 18.7450 0.0319 28.0663 145.8560 2.83 1128
7524.59284 18.7597 0.0353 95.6365 158.7396 3.01 1166
7524.60522 18.7767 0.0371 172.6373 164.2430 3.23 1206
7524.61784 18.7171 0.0336 -103.0879 157.4075 2.98 1253
7524.62934 18.7189 0.0331 -94.7791 154.8125 2.93 1283
7524.64076 18.7234 0.0344 -73.2925 160.0886 3.10 1380
7524.65556 18.7230 0.0409 -75.1920 190.1013 3.92 1380
7524.66720 18.7903 0.0416 233.7535 181.6363 3.59 1488
7525.35926 18.8052 0.0521 299.5210 223.3262 4.14 1631
7525.37238 18.7133 0.0452 -121.2045 211.1762 4.16 1536
7525.39122 18.8010 0.0448 280.9660 193.1707 3.94 1466
7525.40330 18.7187 0.0377 -95.5646 176.2042 3.60 1383
7525.42160 18.7056 0.0363 -158.2047 171.7546 3.25 1313
7525.43509 18.7409 0.0368 9.0684 168.3547 3.39 1299
7525.44712 18.7177 0.0325 -100.5222 152.1086 2.97 1210
7525.45978 18.7382 0.0388 -3.7696 177.8610 3.16 1221
7525.47257 18.7440 0.0371 23.3633 169.2381 3.58 1195
7525.48500 18.7296 0.0387 -44.1408 178.9474 3.75 1163
7525.49794 18.7581 0.0362 88.3107 163.3203 3.01 1247
7525.51273 18.7464 0.0352 34.5671 160.2477 3.14 1184
7525.54271 18.7567 0.0330 81.6595 149.2786 3.15 1221
7525.55655 18.7847 0.0396 208.6015 173.7916 3.57 1142
7525.57035 18.7393 0.0323 1.3117 148.3387 3.18 1119
7525.58299 18.7513 0.0323 57.1937 146.5404 2.98 1173
7525.59481 18.7171 0.0405 -102.9218 189.3177 3.25 1315
7525.60834 18.7095 0.0430 -139.5339 201.8895 3.38 1373
7525.68491 18.6942 0.0429 -213.1523 204.6031 3.45 2268
7526.35888 18.9026 0.0683 708.3043 265.6407 5.48 1629
7526.37095 18.6929 0.0549 -219.5618 260.4421 5.80 1659
7526.38253 18.8787 0.0630 611.2443 251.1295 5.41 1447
7526.39398 18.8058 0.0648 302.1307 275.6441 5.54 1470
7526.41322 18.6752 0.0487 -306.5456 235.4959 4.18 1482
7526.42491 18.7097 0.0477 -138.4758 223.6759 4.37 1437
7526.43634 18.6767 0.0480 -298.7712 231.9979 4.52 1510
7526.44883 18.7379 0.0500 -5.0142 227.9578 4.48 1394
7526.46082 18.7502 0.0456 52.0959 206.1847 4.32 1377
7526.47360 18.7162 0.0633 -107.5438 293.0373 5.36 1443
7526.48563 18.6886 0.0636 -240.7248 301.8971 5.65 1434
7526.50138 18.7140 0.0488 -118.0333 227.6360 5.03 1390
7526.51470 18.7869 0.0523 218.4564 227.9587 5.28 1378
7526.53200 18.8103 0.0519 321.6242 221.2098 4.74 1414
7526.56361 18.8901 0.0570 657.6195 225.4376 4.35 1706
7526.57547 18.6558 0.0466 -403.1889 229.6112 4.46 1704
7526.58693 18.7038 0.0509 -166.6948 239.5248 5.19 1628
7526.59966 18.7104 0.0560 -134.9935 261.1137 4.92 1469
7526.61304 18.7275 0.0474 -53.9143 218.6768 4.47 1356
7526.62468 18.7871 0.0521 219.2523 226.9393 4.80 1463
7526.63577 18.7153 0.0517 -111.6024 240.7140 4.89 1478
7526.64722 18.8124 0.0560 330.9717 237.7952 4.50 1560
7526.67346 18.7301 0.0549 -41.5531 251.8543 5.81 1757
7529.45925 18.7747 0.0579 163.9384 254.5698 4.29 2455
7529.47163 18.7501 0.0595 51.2979 267.2839 4.84 2308
7529.48416 18.6683 0.0575 -340.6639 278.6566 5.13 2369
7529.50738 18.8497 0.0921 490.7116 372.0200 5.68 2333
7529.52049 18.8535 0.0775 506.8828 314.0465 6.52 2364
7529.53384 18.6283 0.0606 -543.3229 304.2266 5.93 2661
7534.51417 18.7496 0.0392 49.0622 177.7411 3.06 1673
7534.52623 18.7842 0.0455 206.6484 199.2534 3.17 1736
7534.53876 18.7608 0.0397 100.4153 178.2080 3.26 1790
7534.55087 18.7378 0.0370 -5.8253 169.8190 3.01 1807
7534.56387 18.8680 0.0499 567.0142 202.0618 3.63 2255
7534.57576 18.8190 0.0483 359.6102 204.6267 3.52 2486
7534.58688 18.7946 0.0472 252.8122 204.5505 2.91 2563
7534.59836 18.8265 0.0501 391.9925 210.5877 3.58 2707
7534.61201 18.8147 0.0589 340.8768 249.1428 3.63 2718
7534.62415 18.7603 0.0494 98.1760 220.8523 3.72 2644
7534.65569 18.7521 0.0501 60.5271 225.7150 3.67 2933
7535.33324 18.8723 0.0585 585.0065 234.9369 4.37 1292
7535.34658 18.6896 0.0631 -235.7473 298.9421 5.32 1349
7535.35771 18.8073 0.0882 308.5502 370.9353 6.48 1756
7535.38460 18.7914 0.0538 238.4649 233.2423 3.92 2613
7535.40330 18.7875 0.0533 221.0225 231.8883 3.72 2759
7535.41501 18.8043 0.0576 295.5167 246.1311 3.92 2762
7535.42672 18.7484 0.0490 43.5509 221.5315 3.43 2686
7535.43970 18.7841 0.0524 205.8129 228.7806 3.82 2689
7535.47071 18.6913 0.0479 -227.2400 228.2945 3.43 2702
7535.48227 18.7110 0.0557 -132.0329 259.7626 4.84 2680
7535.57221 18.7683 0.0457 134.6812 202.9977 3.95 1759
7535.58409 18.7995 0.0448 274.3472 193.5861 3.52 1723
7535.59589 18.7392 0.0581 0.9034 263.7067 5.41 1892
7535.60999 18.6048 0.0527 -666.1432 271.2373 5.30 2245
7535.63151 18.9131 0.0722 750.2990 277.3895 5.25 2378
7535.64529 18.7749 0.0627 164.8592 274.8415 4.48 2448
7535.65747 18.7545 0.0662 71.8615 295.1217 5.40 2404
7535.66990 18.8306 0.0780 409.4907 322.4303 6.65 2601
7536.33521 18.7907 0.0567 235.3680 245.6726 5.47 1514
7536.36231 18.6699 0.0410 -332.5626 199.7736 4.18 1329
7536.37566 18.8117 0.0560 327.8983 237.8303 4.48 1502
7536.38754 18.7214 0.0438 -82.7154 203.6701 3.93 1489
7536.40096 18.7592 0.0419 93.2067 188.2480 3.86 1297
7536.41236 18.6709 0.0503 -327.9003 244.0725 4.84 1599
7536.42497 18.7557 0.0465 77.0697 208.8213 3.79 1716
7536.43912 18.7258 0.0419 -61.9834 193.9330 3.83 1640
7536.45136 18.7252 0.0433 -64.6275 200.3463 3.93 1635
7536.46376 18.7073 0.0381 -149.8928 179.6425 3.12 1662
7536.48397 18.8217 0.0392 371.2717 166.4036 3.12 1396
7536.49951 18.6528 0.0367 -418.3330 182.0419 3.44 1253
7536.51275 18.7142 0.0383 -116.9464 179.5773 4.02 1159
7536.52557 18.7618 0.0374 105.2884 167.9505 3.46 1173
7536.53974 18.7092 0.0384 -140.7166 180.6221 3.74 1151
7536.55377 18.6832 0.0450 -267.0923 216.4228 4.38 1186
7536.56512 18.8309 0.0440 411.0902 184.7673 3.73 1296
7536.57687 18.7202 0.0478 -88.4329 221.8268 4.35 1308
7536.58914 18.6176 0.0387 -599.2119 198.4236 4.12 1381
7536.60277 18.7972 0.0477 264.1478 206.2449 3.79 1491
7536.63571 18.6731 0.0457 -316.9094 221.7512 4.04 1729
7536.64773 18.6649 0.0508 -357.4632 247.7523 4.92 1979
7536.65960 18.7637 0.0595 113.8627 263.7798 5.29 1970
7536.67154 18.7479 0.0649 41.5030 291.4111 5.91 2023
7536.68280 18.6545 0.0591 -409.9859 290.0147 5.49 2188
7537.33545 19.0420 0.0814 1232.9888 276.7961 6.33 1039
7537.34993 18.7492 0.0578 47.2612 260.1332 6.46 1300
7537.36161 18.8170 0.0529 350.8168 224.0311 5.31 1215
7537.37286 18.8087 0.0676 314.8531 286.6644 5.67 1226
7537.38440 18.7873 0.0528 220.2442 230.0749 5.89 1133
7537.39599 18.7118 0.0440 -128.3074 205.9433 4.36 1082
7537.41532 18.7096 0.0426 -138.7738 200.2040 4.47 1096
7537.42836 18.6865 0.0430 -250.7011 206.4289 4.44 1118
7537.44279 18.6522 0.0404 -421.5428 200.3525 3.99 1162
7537.45561 18.7405 0.0405 7.2127 184.9360 4.07 1138
7537.46741 18.7275 0.0462 -53.9656 213.1637 4.02 1185
7537.47926 18.7707 0.0468 145.5856 207.3437 4.51 1230
7537.48210 18.7237 0.0400 -71.9200 185.9534 3.60 1144
7537.49261 18.7101 0.0448 -136.3932 210.2691 4.44 1283
7537.50993 18.6556 0.0391 -404.1599 193.5385 4.11 1152
7537.52407 18.6775 0.0399 -295.0320 193.1498 4.17 1129
7537.53623 18.7241 0.0444 -69.8941 205.4672 3.93 1127
7537.55592 18.7619 0.0441 105.6333 197.1529 4.06 1286
7537.56816 18.7332 0.0432 -27.0934 198.5798 4.20 1341
7537.58009 18.7537 0.0419 68.0455 188.9985 3.80 1361
7537.59775 18.6099 0.0481 -639.0208 246.9118 4.82 1468
7537.60377 18.8281 0.0570 399.0842 238.5220 5.00 1547
7537.61129 18.7277 0.0501 -52.8106 230.8824 4.72 1590
7537.62308 18.7172 0.0509 -102.4474 236.5547 4.84 1549
7537.63563 18.8135 0.0542 335.5668 230.2426 4.55 1607
7537.64777 18.6924 0.0528 -221.8902 250.7541 5.70 1729
7537.65995 18.6885 0.0531 -240.8625 253.3528 5.02 1814
7537.67174 18.7706 0.0730 145.3765 319.9170 5.79 1935
7537.68333 18.9655 0.0930 953.1174 337.2159 6.36 2412
7538.32511 18.6009 0.0556 -686.8568 287.2775 5.68 1543
7538.34336 18.7552 0.0486 74.8083 218.4035 4.84 1269
7538.35466 18.7908 0.0573 235.8890 248.1085 5.90 1273
7538.36638 18.7562 0.0483 79.5683 216.8577 5.05 1174
7538.37779 18.6480 0.0548 -442.5054 271.0687 4.79 1194
7538.39358 18.7971 0.0464 263.9936 200.8404 4.84 1064
7538.40546 18.7892 0.0441 228.6039 192.2938 4.28 1039
7538.42185 18.8110 0.0421 325.0203 180.1397 3.99 986
7538.43430 18.7681 0.0405 133.6999 180.5393 4.09 996
7538.44641 18.7196 0.0405 -91.1075 188.7020 4.14 1039
7538.45794 18.7284 0.0390 -49.5355 180.5677 3.94 1085
7538.47745 18.7687 0.0379 136.4757 169.0358 3.47 1135
7538.48975 18.7387 0.0368 -1.2743 168.6636 3.63 1190
7538.50520 18.7505 0.0415 53.1914 187.7782 4.11 1208
7538.51986 18.7044 0.0379 -163.7879 179.4601 3.82 1220
7538.53474 18.7690 0.0488 138.1629 216.4492 4.35 1339
7538.55106 18.7069 0.0404 -151.8108 190.6167 3.99 1426
7538.56273 18.7261 0.0446 -60.4185 206.2100 4.24 1465
7538.57431 18.9006 0.0538 699.9682 211.0802 4.26 1537
7538.58554 18.7232 0.0644 -74.3908 295.8595 4.90 1623
7538.59775 18.6891 0.0464 -238.0664 221.7547 4.58 1657
7538.61614 18.7552 0.0604 74.9159 269.9201 4.86 1684
7538.62790 18.6012 0.0411 -685.0287 213.6678 4.07 1608
7538.64660 18.7489 0.0474 45.9215 214.1269 4.40 1591
7538.66034 18.7075 0.0618 -149.2140 288.2222 5.20 1680
7538.67281 18.6863 0.0520 -251.7324 248.5424 5.02 1778
7538.68481 18.7570 0.0764 83.4209 338.3625 5.96 2006
7539.32296 18.7408 0.0574 8.4143 260.0946 5.24 1060
7539.33943 18.6841 0.0489 -262.5321 234.6820 4.92 1045
7539.35186 18.6577 0.0377 -393.7940 186.2371 4.36 938
7539.36431 18.7033 0.0406 -169.2228 192.1764 4.04 975
7539.37581 18.7192 0.0700 -93.2714 321.8245 3.98 946
7539.39538 18.5683 0.1065 -861.9139 553.3725 4.43 892
7539.40709 18.7596 0.0341 95.2690 153.5181 3.39 828
7539.41977 18.7021 0.0372 -174.8041 176.2514 3.41 897
7539.43471 18.7921 0.0513 241.7830 222.3742 3.31 940
7539.44706 18.7113 0.0374 -130.6059 176.0571 3.43 895
7539.45884 18.7174 0.0350 -101.6271 163.7015 3.51 922
7539.47028 18.6419 0.1128 -473.5406 546.1612 3.87 910
7539.48320 18.7759 0.0431 169.0454 190.6326 3.38 967
7539.49562 18.6633 0.0622 -365.5687 302.2329 3.76 1033
7539.50971 18.7210 0.0480 -84.5133 222.6247 4.16 1048
7539.52300 18.7372 0.0413 -8.4042 189.2068 3.76 1138
7539.54233 18.8406 0.0576 452.1846 238.2704 3.39 1191
7539.55399 18.6591 0.1000 -386.8123 479.3350 3.96 1328
7539.56804 18.7595 0.2499 94.5500 1021.6496 5.17 1405
7539.59193 18.9392 0.0905 852.5753 336.8668 4.23 1347
7539.60366 18.9743 0.2238 986.3820 759.2236 5.20 1533
7539.61500 18.8355 0.1238 430.5943 499.3243 4.83 1537
7539.62813 18.9876 0.1510 1036.2544 522.7471 5.15 1694
7539.65122 18.7720 0.0595 151.6709 261.9640 6.03 1416
7539.68127 18.8126 0.0819 331.9010 343.9434 5.38 1542
7540.32907 18.5650 0.0483 -880.2711 258.6957 5.11 1038
7540.36757 18.9713 0.0633 975.2660 231.5376 4.82 908
7540.37998 19.0160 0.0689 1139.9778 241.3681 4.57 948
7540.39138 18.7207 0.0592 -85.8881 273.0405 5.58 948
7540.40287 18.7358 0.0416 -15.0831 190.6870 4.59 937
7540.41455 18.7003 0.0564 -183.7623 265.7294 5.38 973
7540.42780 18.6712 0.0464 -326.2079 225.4687 4.66 937
7540.44148 18.7476 0.0395 40.0041 179.2686 4.22 966
7540.46402 18.8963 0.0578 682.8219 226.8883 6.02 1070
7540.47899 18.7569 0.0424 82.8141 190.8673 4.38 962
7540.49122 18.7474 0.0544 38.9379 245.3862 5.07 1019
7540.50351 18.7495 0.0463 48.7125 209.3423 5.08 1024
7540.52099 18.7280 0.0532 -51.7721 244.6151 4.78 950
7540.53468 18.6887 0.0335 -240.2613 161.0397 3.77 960
7540.54727 18.6639 0.0409 -362.4358 200.4663 4.81 987
7540.55992 18.6442 0.0407 -461.7873 203.3311 3.76 958
7540.57149 18.7129 0.0452 -123.2733 211.6397 5.07 1060
7540.58949 18.8831 0.0524 629.3623 208.7703 4.99 1067
7540.60913 18.6908 0.0416 -229.6149 198.7390 4.54 1048
7540.62066 18.7366 0.0416 -11.3965 190.6744 4.02 1031
7540.63980 18.7429 0.0435 18.2317 197.9245 4.38 1123
7540.65322 18.7901 0.0501 232.6124 217.7930 4.37 1187
7540.66429 18.7582 0.0460 88.5332 206.3369 4.37 1148
7540.67592 18.8039 0.0570 293.6747 244.0754 5.45 1257
7541.32152 18.8227 0.0565 375.6277 237.5648 4.05 901
7541.33373 18.7374 0.0609 -7.5068 276.3968 4.20 1088
7541.34587 18.6770 0.0359 -297.2839 174.4199 3.88 1024
7541.35819 18.7424 0.0816 15.6629 365.3690 4.27 1005
7541.37050 18.6935 0.0719 -216.5237 338.1750 3.80 955
7541.38461 18.7414 0.0429 11.0915 195.7252 3.50 925
7541.40805 18.8163 0.0630 347.7765 265.7784 3.47 961
7541.42081 18.8722 0.1898 584.4056 718.2788 3.81 918
7541.43338 18.6876 0.0369 -245.6545 177.5450 2.71 960
7541.44611 18.6998 0.0393 -186.1357 186.4280 2.89 1017
7541.46006 18.7081 0.0388 -146.0563 182.8281 2.98 1018
7541.47532 18.7470 0.0327 36.9889 149.0049 2.78 969
7541.48782 18.7010 0.0289 -180.3514 137.8795 2.76 951
7541.50135 18.7430 0.0335 18.5309 153.3979 2.70 956
7541.51444 18.7348 0.0271 -19.5672 125.2958 2.57 908
7541.52775 18.7582 0.0309 88.7139 139.6680 2.74 911
7541.55159 18.6589 0.0328 -387.4097 162.4127 2.73 894
7541.57048 18.7210 0.0252 -84.7157 118.0931 2.48 828
7541.58576 18.7036 0.0263 -167.6279 124.9728 2.55 922
7541.59920 18.7164 0.0277 -106.4150 130.2296 2.67 906
7541.61241 18.7962 0.0339 259.9946 147.6338 3.02 985
7541.63056 18.7480 0.0352 42.0014 160.0207 3.19 1083
7541.64961 18.7919 0.0429 240.9118 186.6198 3.90 1145
7541.66214 18.6068 0.0432 -655.3771 223.0473 3.91 1134
7541.67462 18.6072 0.0512 -653.3628 263.2172 4.11 896
7542.32552 18.8200 0.0641 363.9929 269.5570 4.27 937
7542.33766 18.7212 0.0397 -83.5536 184.7777 3.74 1117
7542.35737 18.7666 0.0394 127.2346 175.7332 3.62 1027
7542.36943 18.7127 0.0361 -123.9528 169.7945 3.43 1097
7542.38166 18.7166 0.0411 -105.3880 192.0202 3.42 1058
7542.39485 18.7983 0.0366 269.1790 158.7939 3.31 1103
7542.40697 18.6996 0.0441 -186.8821 208.8027 3.24 1104
7542.41922 18.7529 0.0364 64.2069 164.5896 2.96 1113
7542.43131 18.7026 0.0400 -172.7876 189.6018 3.07 1050
7542.44355 18.7603 0.0342 98.3507 154.0004 2.84 1002
7542.45771 18.7267 0.0373 -57.5933 172.9902 3.42 999
7542.47011 18.7779 0.0341 178.3618 151.0202 3.40 1018
7542.49182 18.7267 0.0333 -57.8476 154.4685 3.19 971
7542.50549 18.7421 0.0351 14.2847 160.5543 3.02 917
7542.51886 18.8177 0.0358 354.0358 152.6481 3.27 996
7542.53237 18.7217 0.0325 -81.1108 151.6350 3.28 991
7542.54568 18.3797 0.1024 -1986.2544 634.7181 3.02 986
7542.56267 18.7315 0.0368 -35.1930 169.8595 3.13 1031
7542.57563 18.7110 0.0337 -132.5012 158.5570 2.79 1036
7542.58933 18.7284 0.0319 -49.7838 148.1163 3.07 1080
7542.60423 18.7461 0.0350 33.0573 159.7718 3.38 1084
7542.61706 18.7686 0.0366 136.3820 163.2408 3.49 1100
7542.63124 18.8208 0.0426 367.6352 180.6957 3.42 1167
7542.65364 18.8878 0.0557 648.5154 220.6520 3.50 1218
7542.66705 18.7518 0.0576 59.2267 258.5963 4.06 1053
7542.68222 18.8097 0.0843 319.2596 354.3984 3.64 783
7545.31420 18.7256 0.0363 -62.6706 168.5513 3.74 840
7545.32656 18.6128 0.0354 -623.9006 182.6214 4.28 989
7545.33886 18.7079 0.0375 -147.1523 177.0625 4.01 1054
7545.35354 18.7752 0.0324 165.8977 144.0889 3.15 975
7545.36608 18.7703 0.0405 143.8791 180.2946 3.56 903
7545.37901 18.6978 0.0397 -195.6477 188.8712 3.73 1028
7545.39164 18.7886 0.0390 225.8841 170.7099 3.71 973
7545.41340 18.7385 0.0404 -2.4341 184.9771 3.65 914
7545.42584 18.6160 0.0332 -607.4524 170.9207 3.85 1000
7545.43823 18.7467 0.0283 35.6599 129.4152 2.79 875
7545.45083 18.7595 0.0329 94.6937 148.4506 3.32 919
7545.46395 18.6964 0.0350 -202.4047 166.7951 3.27 939
7545.47629 18.6955 0.0281 -207.0994 134.4366 2.85 940
7545.48895 18.7170 0.0363 -103.8539 169.8552 2.92 964
7545.50216 18.7747 0.0304 163.7901 135.4096 3.07 971
7545.51691 18.7617 0.0346 104.9570 155.2913 3.06 1121
7545.53102 18.7492 0.0359 47.5247 163.1935 3.46 1172
7545.55183 18.7678 0.0415 132.7394 184.7120 3.86 1307
7545.56461 18.6798 0.0446 -283.5630 215.3890 4.36 1468
7545.57714 18.7466 0.0518 35.2310 234.3176 4.74 1548
7545.58926 18.9085 0.0614 731.6664 238.2738 4.73 1476
7545.60157 18.6476 0.0457 -444.8145 226.9493 4.82 1358
7545.61736 18.9538 0.0648 908.7961 240.7865 5.65 1274
7545.62967 18.7064 0.0576 -154.0954 269.5082 6.70 1433
7545.64232 18.6810 0.0508 -278.0289 244.2424 5.93 1336
7545.65500 18.5490 0.0476 -968.3371 258.6219 5.68 1155
7545.66727 18.7326 0.0649 -30.0729 295.5308 5.27 902
7546.31094 18.6755 0.0494 -305.0715 238.6808 4.07 1103
7546.33075 18.6894 0.0361 -236.7801 173.0930 3.58 1210
7546.34299 18.7150 0.0378 -113.0134 176.9937 3.86 1144
7546.35513 18.6463 0.0339 -451.3513 169.4665 3.22 1069
7546.37063 18.7329 0.0382 -28.4344 176.0995 3.15 1075
7546.38305 18.7429 0.0326 18.0145 149.3303 3.07 923
7546.39551 18.7480 0.0328 41.8096 149.2986 3.22 935
7546.40828 18.7470 0.0334 37.0930 152.4456 3.23 835
7546.42072 18.7064 0.0293 -154.1512 138.7366 2.90 835
7546.43312 18.7869 0.0323 218.6557 141.8088 2.89 927
7546.44602 18.7694 0.0335 139.8927 149.4826 3.23 947
7546.45942 18.7279 0.0323 -51.8883 150.0735 3.07 983
7546.48157 18.7149 0.0326 -113.4365 153.1740 3.23 980
7546.49783 18.7148 0.0303 -114.1130 142.3855 3.08 985
7546.51111 18.7430 0.0321 18.6793 146.9979 3.09 969
7546.52541 18.7279 0.0336 -52.1337 155.6867 3.17 1033
7546.53780 18.6240 0.0300 -565.7832 153.3541 3.20 979
7546.55049 18.7050 0.0311 -161.1619 147.3968 3.05 1047
7546.56306 18.7475 0.0351 39.4801 159.6737 3.25 1153
7546.57721 18.7945 0.0523 252.3123 226.0793 3.60 1144
7546.58950 18.6348 0.0357 -509.8244 180.3752 3.74 1219
7546.60220 18.7243 0.0359 -68.8474 166.8110 3.26 1179
7546.62587 18.6899 0.0349 -234.3091 167.5571 3.32 1206
7546.64059 18.6916 0.0353 -225.9991 169.0879 3.37 1173
7546.65324 18.7702 0.0541 143.5998 239.2900 4.23 955
7546.66528 18.6979 0.0533 -195.4617 252.1027 4.02 712
7546.67325 18.8273 0.0620 395.6581 259.2087 4.70 645
7547.30933 18.6442 0.0354 -461.8516 177.1108 3.82 1041
7547.32093 18.7316 0.0394 -34.5951 181.8399 3.52 1010
7547.33421 18.6548 0.0366 -408.2623 181.4624 3.89 1020
7547.34623 18.6993 0.0367 -188.5318 174.3929 3.82 944
7547.35986 18.7155 0.0339 -110.7313 159.2700 3.58 884
7547.37177 18.7190 0.0319 -93.9746 149.1995 3.34 861
7547.38386 18.7100 0.0299 -136.8818 141.1802 3.05 822
7547.40437 18.6648 0.0330 -358.2615 162.3554 3.08 839
7547.41679 18.6780 0.0275 -292.4107 133.7526 2.90 777
7547.42822 18.8319 0.0404 415.2598 169.6924 3.26 808
7547.43988 18.6775 0.0277 -295.2704 134.7599 2.95 787
7547.45129 18.7142 0.0375 -116.8171 175.6229 3.19 808
7547.46681 18.6815 0.0354 -275.3989 171.2338 3.88 897
7547.47963 18.6989 0.0353 -190.4546 168.0441 3.63 838
7547.49344 18.8035 0.0417 291.9262 179.9226 4.07 988
7547.51031 18.5803 0.0383 -796.9452 203.1664 4.67 1023
7547.52553 18.5921 0.0459 -733.3214 239.9575 4.76 1048
7547.54536 18.8564 0.0580 519.0840 236.5579 4.36 1064
7547.55804 18.6318 0.0353 -525.5112 178.8134 3.67 1046
7547.57368 18.7727 0.0414 154.6454 183.5601 3.92 1029
7547.59059 18.7154 0.0380 -111.0918 178.0825 4.02 1015
7547.60321 18.7724 0.0536 153.2281 236.3885 4.48 969
7547.61744 18.8892 0.0586 653.9240 231.7159 5.63 1055
7547.63066 18.7856 0.0446 212.7417 195.1552 4.20 1071
7547.64285 18.7236 0.0497 -72.2279 229.9532 4.69 1064
7547.65509 18.6818 0.0430 -273.7428 207.2822 4.60 1109
7547.66718 18.6672 0.0477 -346.2121 232.5722 5.57 1194
7548.31051 18.7057 0.0604 -157.8689 282.4729 6.77 1374
7548.32245 18.8175 0.0699 352.9776 293.5351 6.71 1328
7548.34181 18.6395 0.0461 -485.8884 230.8570 5.35 1265
7548.35321 18.8118 0.0523 328.2261 222.5259 5.11 1190
7548.36454 18.6318 0.0409 -525.1650 206.5052 4.50 1128
7548.37616 18.7394 0.0482 1.7112 219.8745 4.96 1134
7548.38739 18.7423 0.0453 15.3418 206.1097 4.69 1048
7548.39908 18.8253 0.0498 386.8708 209.5741 5.10 1010
7548.41204 18.6694 0.0416 -335.0082 203.1400 4.78 1016
7548.42531 18.7275 0.0356 -53.8183 165.2535 3.73 920
7548.43662 18.7780 0.0449 178.4964 197.7858 4.65 971
7548.44804 18.7369 0.0458 -9.8097 209.6618 4.52 934
7548.46817 18.6744 0.0401 -310.3802 194.8711 4.68 953
7548.48050 18.7247 0.0385 -67.0188 178.8895 4.20 889
7548.50046 18.6755 0.0340 -304.8539 165.5644 3.81 876
7548.51202 18.6855 0.0484 -255.5091 231.8736 3.95 973
7548.52350 18.8518 0.0493 499.4293 202.7169 5.06 1024
7548.53517 18.7037 0.0421 -167.4287 199.0400 4.66 1011
7548.54661 18.7633 0.0528 112.1119 234.9322 4.72 1049
7548.55970 18.8706 0.0733 577.7357 292.6148 5.78 991
7548.57145 18.6422 0.0409 -472.0974 204.7563 4.77 980
7548.58306 18.7617 0.0592 104.6463 263.2502 5.87 1035
7548.60275 18.8137 0.0626 336.5921 264.8951 6.24 1121
7548.61397 18.7384 0.0734 -2.9590 330.9986 5.91 1122
7548.62599 18.8279 0.0791 398.1856 327.7562 6.15 1153
7548.63727 18.9828 0.0912 1018.3730 325.9102 6.78 1141
7551.39328 18.8697 0.0706 574.0165 282.7883 5.25 1181
7551.40469 18.5592 0.0730 -911.9256 388.3016 4.87 1098
7551.41638 18.5661 0.0766 -873.9472 404.6716 4.67 1109
7551.42845 18.6262 0.0471 -554.4047 238.2872 3.85 979
7551.44048 18.7029 0.0797 -171.2940 370.4078 4.23 982
7551.48811 18.8726 0.0694 586.2859 277.2648 4.72 1083
7551.49979 18.6262 0.0557 -554.2241 280.7828 4.93 1080
7551.51355 18.8007 0.0625 279.4862 267.7061 4.90 1036
7551.52499 18.7351 0.0595 -18.4275 271.0448 5.81 1099
7551.53632 18.2024 0.2129 -3236.2381 1477.5538 6.89 872
7552.34194 18.7774 0.0605 175.9349 264.9733 5.22 1266
7552.35341 18.6679 0.0428 -342.5316 208.6999 4.78 1123
7552.36581 18.6809 0.0404 -278.1342 195.0530 4.41 1061
7552.37743 18.7301 0.0452 -41.7864 208.3376 4.43 1028
7552.39834 18.8092 0.0472 316.8719 201.8238 4.70 1012
7552.41096 18.6888 0.0402 -239.3874 192.9183 4.03 963
7552.42261 18.6543 0.0433 -410.8888 214.2109 5.03 971
7552.43676 18.6967 0.0402 -201.2784 191.4097 4.55 979
7552.44879 18.9238 0.0702 792.5701 267.1965 6.98 997
7552.46056 18.8394 0.0651 447.3876 268.5452 6.48 1084
7552.47245 18.8536 0.0643 507.3452 261.8330 6.65 1053
7552.48549 18.8798 0.0564 615.7938 225.0002 5.86 1032
7552.49771 18.5692 0.0415 -857.2818 221.9722 4.77 1062
7552.51109 18.7412 0.0487 10.4483 221.6310 4.71 1009
7552.53198 18.6398 0.0417 -484.5239 209.0266 4.78 1117
7552.54514 18.6404 0.0469 -481.3518 234.1678 5.62 1200
7552.55783 18.5402 0.0526 -1017.2677 287.4168 6.37 1217
7552.59622 18.8671 0.0618 563.3712 249.1510 6.08 1182
7556.33607 18.5706 0.0547 -849.3780 290.3373 5.13 2568
7556.35734 18.5689 0.0549 -858.7831 291.8785 5.76 2349
7556.37123 18.7659 0.0641 123.6854 283.1869 6.21 1928
7556.38395 18.5882 0.0481 -754.3801 252.3398 5.08 1763
7556.39619 18.7008 0.0530 -181.3693 249.7190 5.23 1705
7556.40855 18.7205 0.0576 -86.8991 266.1630 6.03 1662
7556.42104 18.6833 0.0544 -266.6306 260.2545 5.45 1663
7556.43379 18.8215 0.0735 370.6167 307.0895 5.06 1553
7556.44618 18.6219 0.0470 -576.5121 239.1521 4.13 1572
7556.46776 18.6576 0.0459 -394.4065 225.9158 3.61 1806
7556.48042 18.6088 0.0425 -645.0778 218.9675 3.73 2442
7556.53622 18.7782 0.0666 179.6655 290.3752 5.43 2465
7556.54818 18.5993 0.0451 -695.2888 234.1182 3.91 2090
7556.56205 18.6471 0.0499 -447.1178 247.3293 4.77 1913
7556.59639 18.6220 0.0382 -576.3157 195.1698 3.59 1909
7556.60851 18.6779 0.0480 -293.2708 231.6518 3.70 2016
7556.62569 18.6367 0.0389 -500.2780 195.7022 3.39 1524
7557.40132 18.6070 0.0532 -654.5955 273.2124 5.71 2176
7557.42008 18.6498 0.0514 -433.6434 253.9235 5.14 1945
7557.44116 18.6257 0.0501 -557.0441 253.3807 4.79 1986
7557.57130 18.6443 0.0510 -461.3251 253.6354 4.19 2440
7561.46196 18.3592 0.0400 -2120.6131 259.6852 4.22 2818
7562.25917 18.3416 0.0409 -2237.5427 270.0310 4.89 2237
7562.28390 18.3354 0.0381 -2279.8581 253.0929 4.46 1957
7562.30067 18.3290 0.0339 -2322.6664 226.9700 4.27 1850
7562.31792 18.3790 0.0346 -1990.6524 221.0372 4.15 1928
7562.33541 18.4046 0.0403 -1826.4377 251.0541 4.81 2028
7562.44522 18.3544 0.0326 -2151.9848 213.5772 3.75 1777
7562.47646 18.3492 0.0322 -2186.8894 211.9238 3.77 1764
7562.49407 18.3891 0.0324 -1925.2841 205.3746 3.33 1854
7562.51601 18.4334 0.0370 -1645.5651 224.5615 3.55 2659
7563.40413 18.2513 0.0539 -2871.0839 384.0582 6.28 2913
7563.42126 18.1996 0.0458 -3257.9041 343.5844 6.52 2720
7563.58538 18.2711 0.0463 -2727.2303 324.9898 5.53 2935
7564.30685 17.9735 0.2353 -5183.7327 1996.2478 6.75 848
7564.34208 18.0855 0.0573 -4179.5677 474.9167 4.75 1534
7564.40618 18.1291 0.0295 -3815.7414 237.6849 3.85 1478
7564.42346 18.1920 0.0544 -3316.4139 409.4352 5.45 2701
7564.44434 18.1105 0.0261 -3969.8177 214.3091 4.47 1291
7564.46366 18.1193 0.0238 -3896.2702 194.1295 3.93 1223
7564.46677 18.1403 0.0270 -3725.1409 215.8987 4.86 1261
7564.48496 18.0993 0.0244 -4062.8248 202.8164 4.15 1360
7564.50420 18.0321 0.0380 -4645.6244 334.1270 4.55 2152
7564.52231 18.1079 0.0313 -3991.2176 257.5571 3.84 1416
7564.54079 18.1103 0.0274 -3971.2591 225.0631 4.14 1422
7564.56329 18.1348 0.0369 -3769.2535 295.2806 5.02 2150
7564.58842 17.9472 0.0290 -5435.1268 276.5195 5.42 1820
7565.26920 18.0366 0.0311 -4605.8430 272.6126 5.05 1316
7565.28679 18.0502 0.1983 -4485.4882 1593.6511 6.84 1172
7565.30725 17.8487 0.0625 -6432.6800 643.3982 5.84 1275
7565.32493 18.0008 0.0522 -4929.8054 468.8018 6.65 1184
7565.34350 18.0133 0.0270 -4815.4447 242.2990 5.51 1175
7565.36203 17.9711 0.0250 -5206.7146 233.7027 5.02 1123
7565.37989 17.9306 0.0246 -5597.6083 238.8998 4.43 1167
7565.40152 17.9543 0.0253 -5366.6606 240.1865 4.16 1230
7565.45836 17.9372 0.0357 -5532.4856 343.0412 5.06 1770
7565.47679 17.8854 0.0245 -6050.2810 247.7231 4.94 1073
7565.58214 17.8875 0.0258 -6028.6030 260.9447 5.64 1390
7568.25906 16.5119 0.0083 -34314.6277 300.8149 5.47 1251
7568.27683 16.5016 0.0083 -34690.9365 303.0226 5.40 1109
7568.29548 16.4732 0.0082 -35744.3629 305.4127 5.93 1017
7568.31360 16.4515 0.0067 -36568.0328 256.5384 4.52 975
7568.33158 16.4403 0.0069 -36998.4003 267.1459 5.37 969
7568.35131 16.4240 0.0070 -37634.9808 272.7132 4.38 923
7568.37130 16.3663 0.0062 -39966.0984 258.4047 4.12 895
7568.39368 16.3687 0.0068 -39866.5961 281.3113 4.11 809
7568.41888 16.3392 0.0057 -41103.3783 241.8684 3.67 889
7568.44604 16.3128 0.0058 -42241.2487 251.7503 4.03 950
7568.46415 16.2954 0.0093 -43001.5946 409.6310 3.18 951
7568.48305 16.2940 0.0056 -43066.4971 248.4964 3.64 917
7568.50128 16.2668 0.0065 -44284.3613 293.6266 3.76 945
7568.51988 16.2557 0.0055 -44792.9213 252.7418 4.02 998
7568.53999 16.2623 0.0057 -44490.0852 259.1089 3.99 983
7568.55911 16.2375 0.0056 -45637.8677 261.6779 4.27 1040
7568.57750 16.2460 0.0062 -45241.6202 285.2316 5.30 1097
7568.59753 16.2318 0.0075 -45900.8106 349.0957 6.43 1103
7569.26397 16.5181 0.0080 -34089.7574 287.3995 5.69 1050
7569.29872 16.5288 0.0070 -33706.8018 248.0505 4.14 901
7569.33371 16.5479 0.0081 -33030.2922 284.1643 4.20 936
7569.35227 16.5676 0.0086 -32343.9587 293.5663 3.94 848
7569.37074 16.6085 0.0075 -30962.1082 248.2310 4.15 823
7569.38922 16.6114 0.0074 -30864.9928 242.5405 4.27 857
7569.40761 16.6335 0.0071 -30140.6444 229.9099 3.88 906
7569.42607 16.6363 0.0074 -30050.2374 238.7704 4.65 965
7569.44490 16.6507 0.0073 -29589.1777 232.2911 3.82 842
7569.46330 16.6765 0.0074 -28775.8989 228.3294 3.96 855
7569.48212 16.6995 0.0075 -28065.6928 229.3611 3.81 910
7569.50041 16.7134 0.0074 -27643.5113 221.4027 3.93 901
7569.52299 16.7443 0.0100 -26724.9540 292.6400 5.15 942
7569.54924 16.7894 0.0087 -25433.6592 244.2453 4.70 1006
7569.57455 16.7957 0.0093 -25256.8553 259.6131 5.53 1107
7569.59020 16.7858 0.0099 -25535.4781 276.6001 4.76 919
7572.24107 18.0004 0.0257 -4933.6678 233.5995 4.57 1235
7572.26394 18.0009 0.0220 -4928.5281 200.3999 3.83 1323
7572.28228 17.9787 0.0188 -5135.0680 175.2095 3.45 1134
7572.30103 17.9788 0.0220 -5134.3204 204.2837 3.59 1024
7572.31912 17.9679 0.0208 -5237.5180 195.3770 3.44 1076
7572.33728 17.9884 0.0206 -5044.6836 190.1385 4.38 1051
7572.34080 17.9583 0.0205 -5328.2792 194.4709 3.29 1033
7572.35927 17.9754 0.0193 -5165.9321 179.8138 2.83 943
7572.37893 17.9707 0.0167 -5210.8210 156.6662 2.89 909
7572.39721 17.9856 0.0172 -5070.4174 159.1218 3.00 793
7572.42728 17.9799 0.0174 -5124.3846 162.1366 2.88 814
7572.44552 17.9999 0.0169 -4938.2026 154.2478 3.18 807
7572.46498 17.9770 0.0183 -5151.4936 170.9146 3.32 887
7572.48734 18.0057 0.0183 -4884.5228 166.6484 3.36 892
7572.50584 17.9957 0.0200 -4976.9201 183.2449 3.84 948
7572.52423 18.0359 0.0204 -4611.8907 179.8493 3.53 999
7572.52734 18.0016 0.0208 -4922.7366 189.8208 3.98 1020
7572.54584 18.0184 0.0219 -4768.7776 196.1596 4.25 1135
7572.56545 18.0617 0.0264 -4384.2884 227.1162 5.26 1284
7572.58651 18.0638 0.0311 -4366.5596 266.2656 6.18 1437
7573.24074 18.1995 0.0329 -3258.9252 248.6159 5.35 1113
7573.25906 18.1373 0.0244 -3749.0141 195.7905 3.98 1175
7573.28136 18.1484 0.0223 -3659.9317 177.1594 3.53 1130
7573.30807 18.1710 0.0241 -3480.1715 187.8941 3.81 1121
7573.32634 18.1392 0.0296 -3734.1481 236.4118 5.99 1131
7573.34447 18.1392 0.0267 -3733.5760 213.8234 3.60 982
7573.36258 18.1393 0.0195 -3732.9377 156.7683 3.05 974
7573.38355 18.1535 0.0214 -3618.6650 169.2664 3.50 1008
7573.40247 18.1527 0.0185 -3625.0882 146.6738 2.94 919
7573.42433 18.1493 0.0205 -3652.2539 162.6541 3.29 930
7573.44445 18.1817 0.0207 -3395.7684 159.6667 3.31 900
7573.46261 18.1714 0.0245 -3476.5019 190.5912 3.70 944
7573.48104 18.1098 0.0266 -3975.0371 218.5217 4.75 1060
7573.51069 18.2624 0.0309 -2790.1149 220.6654 4.35 1098
7573.52880 18.1286 0.0305 -3820.0625 246.1586 4.71 1097
7573.54699 18.3066 0.0391 -2476.6792 266.3693 5.89 1191
7573.56528 18.2153 0.0349 -3138.4370 259.2845 5.96 1127
7573.58071 18.1796 0.0453 -3412.7244 346.2013 5.96 1002
7574.23608 18.4366 0.0421 -1625.8035 254.5052 5.72 1254
7574.25387 18.2743 0.0300 -2704.4583 211.8807 4.61 1178
7574.27260 18.3126 0.0315 -2435.4684 214.2085 4.76 1109
7574.29072 18.2308 0.0293 -3022.2760 215.4322 4.91 1119
7574.31190 18.2701 0.0384 -2734.8167 270.6507 4.86 1092
7574.33293 18.2344 0.0323 -2995.1467 236.5075 5.15 1033
7574.35090 18.2618 0.0371 -2794.3662 263.7716 6.21 1070
7574.37307 18.2232 0.0277 -3078.8169 205.0636 4.50 1043
7574.40546 18.2803 0.0266 -2661.7308 187.1098 3.97 1071
7574.42891 18.2661 0.0292 -2763.5783 207.8178 4.45 989
7574.44899 18.2935 0.0255 -2568.0856 177.1897 3.93 1047
7574.46926 18.2661 0.0258 -2763.5380 183.8600 4.03 1016
7574.48729 18.2947 0.0264 -2560.1619 183.2360 4.02 996
7576.22704 18.7593 0.0663 93.9830 294.2795 6.76 1533
7576.26356 18.6002 0.0510 -690.5508 263.8858 6.66 1334
7576.28064 18.5188 0.0415 -1138.2788 232.7159 5.43 1196
7576.31254 18.5463 0.0393 -983.4703 215.1728 5.25 1036
7576.32984 18.4805 0.0355 -1361.0469 206.4590 4.69 1025
7576.34758 18.4971 0.0386 -1263.6234 221.0719 5.56 1006
7576.40606 18.6193 0.0464 -590.3228 236.4099 6.53 978
7576.42449 18.7792 0.0636 184.0714 277.6355 6.65 1035
7576.44306 18.4704 0.0434 -1421.1525 253.9886 6.96 1077
7576.46204 18.5721 0.0460 -841.1286 244.6973 6.10 1027
7576.47991 18.4644 0.0453 -1457.2033 266.6704 6.19 1069
7576.56164 18.5911 0.0474 -738.6799 247.8261 6.49 1353
7576.58062 18.4775 0.0434 -1379.0644 252.7052 6.05 1431
7577.22514 18.4818 0.0438 -1353.2559 253.4841 5.71 1459
7577.26105 18.4603 0.0425 -1481.8645 251.2594 5.94 1240
7577.27853 18.4676 0.0385 -1437.8513 226.2625 5.57 1203
7577.29732 18.6085 0.0430 -646.8074 221.7791 4.99 1139
7577.31482 18.4956 0.0354 -1272.4178 203.2654 3.94 1051
7577.33323 18.5372 0.0298 -1033.8835 165.2103 3.62 919
7577.35116 18.5947 0.0312 -719.5027 163.5936 3.59 954
7577.37117 18.4365 0.0308 -1626.4849 187.0837 3.78 944
7577.39057 18.4364 0.0279 -1627.5547 169.6766 3.75 914
7577.41055 18.5509 0.0396 -957.5280 215.4335 3.52 957
7577.42914 18.4566 0.0297 -1504.1542 177.3728 3.45 949
7577.45291 18.5016 0.0316 -1237.3035 180.4586 3.90 973
7577.47708 18.4934 0.0340 -1284.9297 195.7495 3.80 978
7577.49430 18.5541 0.0414 -940.1381 224.6967 4.83 1116
7577.51837 18.5186 0.0256 -1139.7233 144.4676 3.01 984
7577.53731 18.5298 0.0333 -1075.5730 185.2716 3.65 1109
7577.55409 18.5151 0.0351 -1159.6431 197.6823 3.34 1149
7577.57242 18.4677 0.0336 -1437.0377 198.0423 4.07 1267
7578.22410 18.5046 0.0399 -1219.8589 226.4955 4.71 1429
7578.24120 18.5271 0.0436 -1091.1378 242.4774 3.78 1259
7578.25871 18.4989 0.0296 -1253.1432 170.1142 3.17 1152
7578.27666 18.7517 0.0445 58.9021 201.0181 4.18 1088
7578.33165 18.6102 0.0333 -637.8218 172.1754 3.31 958
7578.35117 18.5639 0.0244 -885.9355 132.0396 2.82 893
7578.36888 18.5379 0.0274 -1030.3228 151.8117 3.26 941
7578.38730 18.5197 0.0263 -1133.4156 148.2290 2.70 832
7578.40770 18.5683 0.0358 -861.9497 192.3887 2.63 779
7578.43682 18.5222 0.0350 -1119.1491 196.2825 2.68 844
7578.45458 18.4756 0.0225 -1390.2255 132.2662 2.69 863
7578.47145 18.5444 0.0254 -993.8426 139.8081 2.72 968
7578.48950 18.5647 0.0308 -881.4314 166.2121 2.52 923
7578.50733 18.5306 0.0278 -1071.5951 154.8714 2.54 1061
7578.53354 18.6170 0.0278 -602.1582 143.4524 2.73 1198
7578.55750 18.4819 0.0373 -1352.8967 216.7749 2.70 1229
7578.57379 18.5626 0.0289 -893.1227 156.3493 3.11 1391
7579.21495 18.5131 0.0444 -1171.1979 249.9157 4.49 1634
7579.23316 18.5140 0.0398 -1166.0867 224.1113 3.63 1468
7579.25518 18.6271 0.0329 -549.4647 167.4022 3.24 1313
7579.27291 18.5442 0.0282 -995.0358 155.3881 3.10 1185
7579.29063 18.5955 0.0324 -715.1984 170.1156 3.05 1211
7579.30827 18.5656 0.0342 -876.9030 184.2250 2.81 1116
7579.32562 18.5872 0.0332 -759.8227 175.2907 2.80 1068
7579.34551 18.5578 0.0280 -919.7647 152.3081 2.70 1005
7579.36501 18.5254 0.0253 -1100.8955 141.8987 3.03 992
7579.38481 18.5411 0.0254 -1012.2557 140.5769 3.02 898
7579.41600 18.4950 0.0268 -1275.8697 154.7156 3.44 970
7579.43479 18.5613 0.0285 -900.1012 154.5177 2.82 909
7579.45202 18.4998 0.0298 -1247.5811 171.0621 3.68 1014
7579.47182 18.5364 0.0281 -1038.5203 155.8876 3.41 949
7579.49712 18.5549 0.0422 -935.3081 228.4423 3.94 1055
7579.51465 18.5819 0.0350 -788.4683 185.6801 3.92 1237
7579.53192 18.5096 0.0419 -1191.1845 236.9345 5.80 1315
7579.57005 18.5944 0.0350 -721.3838 183.5011 3.29 1325
7580.21267 18.7214 0.0701 -82.9559 321.6953 6.49 1475
7580.23328 18.6605 0.0542 -379.3761 264.8687 6.14 1439
7580.25161 18.7376 0.0564 -6.5803 256.5577 5.59 1362
7580.27258 18.5500 0.0365 -962.8147 199.1221 4.27 1254
7580.30312 18.5958 0.0359 -713.6434 188.0339 3.95 1126
7580.32529 18.6478 0.0405 -443.7772 201.4511 4.51 1108
7580.34290 18.5504 0.0314 -960.5529 171.5861 3.71 993
7580.36182 18.6139 0.0310 -618.5279 160.0642 3.29 879
7580.36458 18.6431 0.0313 -467.3298 157.3636 3.55 875
7580.38170 18.6503 0.0321 -430.8814 160.2493 3.62 862
7580.40466 18.6062 0.0305 -658.6272 158.4925 3.53 902
7580.42293 18.5523 0.0300 -949.9629 163.7631 3.64 945
7580.44127 18.5950 0.0300 -718.1344 157.4236 3.52 952
7580.45923 18.6369 0.0330 -499.4373 166.6930 3.77 947
7580.47768 18.6212 0.0323 -579.9798 165.6492 3.64 996
7580.50680 18.5943 0.0350 -721.7406 183.7206 4.13 1103
7580.52421 18.6591 0.0382 -386.7776 188.4616 3.95 1245
7580.54232 18.5964 0.0391 -710.6142 204.3652 4.22 1368
7580.56601 18.6846 0.0596 -259.9430 284.4297 5.79 1554
7581.23324 18.7275 0.0522 -53.9000 240.1542 4.25 1870
7581.25058 18.5411 0.0854 -1012.5375 459.3825 5.74 2080
7581.26782 18.7288 0.0696 -47.9452 317.4016 5.17 1878
7581.28626 18.5743 0.0871 -829.5161 454.4413 4.85 2113
7581.30532 18.8089 0.1607 315.7592 652.9291 5.77 2100
7581.32070 18.7461 0.0920 32.7832 408.6769 4.22 1663
7581.34154 18.5248 0.0728 -1103.9846 400.1917 3.95 1736
7581.39503 18.6984 0.2988 -192.8519 1264.2966 5.26 1872
7581.41185 18.6309 0.0486 -530.1266 244.7180 3.78 1466
7581.43300 18.6371 0.0364 -497.9695 183.1346 3.51 1322
7581.45123 18.6849 0.0458 -258.5594 219.8220 3.85 1306
7581.47188 18.6106 0.0332 -635.6022 171.7246 3.41 1272
7581.48941 18.5866 0.0352 -762.7840 185.7964 3.51 1386
7581.50707 18.6046 0.0348 -667.4188 180.9272 3.45 1315
7581.52449 18.6550 0.0426 -407.4145 210.4584 4.02 1518
7581.54338 18.6099 0.0396 -639.0241 204.1049 3.88 1451
7581.56484 18.7014 0.0516 -178.1858 243.0522 4.55 1535
7582.27542 18.6600 0.0393 -382.0769 193.3562 3.97 1354
7582.29318 18.7867 0.1003 217.4557 427.4342 4.44 2193
7582.31088 18.5761 0.0367 -819.3988 195.4210 4.20 1235
7582.32832 18.6339 0.0348 -514.7097 175.7855 3.80 1092
7582.34655 18.6039 0.0380 -670.6289 197.2618 4.20 1089
7582.36535 18.6279 0.0376 -545.3037 190.8289 4.33 1172
7582.38561 18.5451 0.0345 -989.7656 189.5150 3.95 1123
7582.40828 18.5703 0.0382 -851.2616 204.4802 4.27 1175
7582.42723 18.7097 0.0504 -138.3703 236.0168 5.65 1231
7582.44982 18.6121 0.0394 -627.6032 202.6405 4.58 1157
7582.47693 18.6300 0.0380 -534.5874 192.7367 4.21 1099
7582.49684 18.6713 0.0404 -325.8468 196.7867 4.38 1005
7582.52124 18.7301 0.0767 -41.4864 348.2658 6.60 1140
7582.54222 18.6561 0.0493 -401.4725 242.3742 5.89 1301
7582.55833 18.5694 0.0459 -855.8965 245.0841 5.89 1457
7583.24215 18.6672 0.0557 -345.9650 270.2863 4.84 2250
7583.26021 18.6899 0.0553 -234.2833 263.2702 5.06 2001
7583.27952 18.6855 0.0531 -255.9003 254.0618 4.71 1901
7583.29769 18.6716 0.0569 -324.3707 275.2796 4.56 2192
7583.37451 18.7472 0.0725 38.1372 324.7101 4.64 1924
7583.41605 18.5894 0.0513 -747.7862 267.9701 4.37 2388
7583.43570 18.6127 0.0474 -624.3726 243.1559 4.45 1712
7583.45568 18.7733 0.0547 157.4124 241.0940 5.50 1408
7583.47425 18.6663 0.0476 -350.6096 232.1631 5.03 1453
7583.49283 18.5983 0.0442 -700.5996 229.6857 4.98 1411
7583.51525 18.5811 0.0452 -792.6267 238.9746 5.26 1501
7583.53359 18.8184 0.0571 356.9968 240.9773 5.47 1428
7583.54918 18.6688 0.0530 -338.2113 257.4036 5.73 1406
7584.21855 18.6555 0.0583 -404.8007 285.8096 5.99 2094
7584.23690 18.7173 0.0571 -102.0408 264.7962 5.01 2080
7584.25885 18.8198 0.0712 362.8845 298.3911 5.71 2022
7584.28458 18.7969 0.0877 262.9019 372.4278 6.17 2017
7584.30518 18.7187 0.0518 -95.6420 240.4171 4.65 1787
7584.32304 18.6424 0.0393 -471.1949 196.7315 3.65 1405
7584.34300 18.6287 0.0368 -541.5089 186.9941 3.65 1392
7584.36128 18.6250 0.0326 -560.6278 166.3515 3.24 1309
7584.38313 18.6541 0.0521 -411.7033 256.3985 5.81 1451
7584.40044 18.6097 0.0470 -640.5702 241.7937 4.29 2446
7584.41866 18.7690 0.0550 138.1781 243.4467 3.95 2838
7584.43733 18.7220 0.0506 -80.0787 234.0961 3.58 2695
7584.46005 18.6835 0.0397 -265.7588 191.3620 3.45 1967
7584.49139 18.8393 0.0697 446.9510 286.8504 6.09 1649
7584.50966 18.8453 0.0695 472.0394 284.4991 5.17 1610
7584.52795 18.6372 0.0544 -497.5894 271.7574 5.38 1633
7584.54929 18.5948 0.0440 -719.2526 229.6990 4.26 1480
7593.23048 19.0195 0.0746 1152.5605 259.5646 6.05 1131
7593.24864 19.0124 0.0871 1127.0137 303.5504 6.22 1066
7594.22224 18.7529 0.0706 64.3786 314.6777 6.83 1274
7594.24137 18.8647 0.0754 553.5446 302.4794 5.59 1165
7594.25883 18.6929 0.0455 -219.4801 216.8343 4.90 1139
7594.27835 18.8584 0.0649 527.2418 263.1513 6.66 1193
7594.29547 18.8293 0.0463 404.0109 194.6193 4.24 1150
7594.31223 18.7761 0.0519 170.2933 228.1669 5.07 1132
7594.33380 18.6458 0.0465 -453.6034 231.0919 5.49 1017
7594.36062 18.6973 0.0442 -198.4642 209.9132 4.70 1054
7594.37833 18.7688 0.0493 137.0151 218.4700 5.42 1059
7594.39535 18.7493 0.0463 47.8374 209.2698 5.01 1041
7594.41346 18.6063 0.0979 -658.2503 493.2613 6.27 1239
7604.23945 18.9508 0.0967 897.1077 355.0862 6.99 1330
7604.25918 18.6702 0.0672 -331.0376 323.5512 6.40 1201
7604.27866 18.9687 0.0694 965.5661 253.8785 6.03 1237
7604.30849 18.7626 0.0517 108.8097 230.2190 5.30 1150
7604.32942 18.9017 0.0595 704.5568 232.4305 5.87 1201
7605.22180 18.7641 0.0413 115.7468 184.8609 3.91 1093
7605.23909 18.7653 0.0408 121.2707 182.1216 3.99 1033
7605.26742 18.7925 0.0379 243.4350 165.3843 3.56 966
7605.28449 18.7216 0.0332 -81.6288 155.0191 3.16 934
7605.30720 18.7825 0.0419 198.7262 184.0982 3.40 986
7605.32857 18.6644 0.0299 -359.9118 147.4505 3.12 922
7605.34672 18.6898 0.0332 -234.4618 159.5697 3.67 974
7605.36398 18.7813 0.0322 193.5871 142.4683 3.13 888
7605.38595 18.7729 0.0344 155.5232 153.0348 3.41 943
7605.42250 18.8205 0.0446 366.0440 189.1831 4.49 958
7605.43965 18.7967 0.0383 262.0848 166.5552 3.60 964
7605.45777 18.8271 0.0486 394.5695 204.1531 3.91 1059
7605.47644 18.6932 0.0434 -218.3029 207.1497 4.73 1114
7605.49672 18.7221 0.0456 -79.2560 211.4655 4.37 1166
7606.22160 18.7180 0.0409 -98.8590 190.7974 3.36 1346
7606.24030 18.8031 0.0361 290.1966 156.1920 3.01 1189
7606.25807 18.7496 0.0352 49.0758 159.9930 2.92 1168
7606.27706 18.7987 0.0349 270.9411 151.5081 3.12 1150
7606.29573 18.7737 0.0413 159.3234 183.2344 4.12 1093
7606.31609 18.8051 0.0369 298.9136 159.3120 3.31 1039
7606.34289 18.7180 0.0295 -98.7060 138.3061 3.02 942
7606.36722 18.6739 0.0334 -313.0769 162.6973 3.79 942
7606.38481 18.7209 0.0492 -85.2030 228.1746 4.76 950
7606.40196 18.7647 0.0423 118.5647 188.7749 4.51 957
7606.42154 18.7082 0.0342 -145.5396 161.6651 3.71 875
7606.44026 18.7700 0.0355 142.5471 158.3055 3.56 894
7606.45760 18.7546 0.0338 72.1009 152.8872 3.54 915
7606.47554 18.6254 0.0392 -558.4868 199.1042 4.83 1032
7606.49174 18.7587 0.0393 91.0961 176.8443 3.85 1029
7607.21949 18.8343 0.0464 425.4841 194.1351 3.87 1508
7607.23790 18.7538 0.0390 68.5983 176.0149 3.36 1304
7607.25653 18.7427 0.0673 17.0420 303.3881 3.03 1393
7607.27420 18.8063 0.0688 304.1883 292.2441 2.77 1330
7607.30311 18.6904 0.1828 -231.5796 820.5456 3.12 1219
7607.32432 18.7443 0.0733 24.5160 329.0838 3.49 1274
7607.34259 18.6473 0.1367 -446.2039 651.9242 2.94 1113
7607.36050 18.6347 0.0438 -510.4126 220.4452 2.97 1114
7607.37982 18.8119 0.0349 328.7282 149.7934 2.56 1059
7607.39749 18.7949 0.0695 254.2594 298.3437 2.57 1124
7607.41729 18.6789 0.0708 -288.3615 337.7988 2.74 1112
7607.43563 18.7708 0.0604 146.3488 265.9335 2.64 1168
7607.45388 18.4840 0.1195 -1340.1493 667.1616 3.14 1257
7607.47403 18.6228 0.1446 -571.7156 702.6758 3.51 1164
7607.48863 18.3584 0.2155 -2125.3138 1294.2426 4.47 1058
7608.24350 18.7029 0.0960 -171.1186 442.8338 5.36 1364
7608.26608 18.7351 0.0827 -17.9860 372.5907 4.86 1243
7608.29133 19.0763 0.1010 1352.1544 329.6306 4.87 1275
7608.31146 18.6371 0.0731 -498.1318 362.2016 4.10 1199
7608.33227 18.8028 0.0699 288.7699 297.5363 4.13 1144
7608.35049 18.6232 0.0539 -570.0719 272.9947 5.85 1127
7609.22692 18.7789 0.0383 182.8147 169.0014 2.87 1257
7609.24484 18.7055 0.0377 -158.7910 178.3394 3.03 1226
7609.26313 18.6956 0.0297 -206.2487 142.0366 2.70 1241
7609.28080 18.7693 0.0395 139.4243 175.6998 2.38 1181
7609.30005 18.7593 0.0348 93.7682 156.7927 2.91 1161
7609.32080 18.7403 0.0333 5.9965 152.6747 3.06 1181
7609.35148 18.7987 0.0311 270.6832 135.1081 2.80 1171
7609.36867 18.7468 0.0328 36.2255 149.7108 2.95 1188
7609.39079 18.7212 0.0432 -83.7145 200.8735 3.40 1191
7609.41159 18.7711 0.0422 147.5236 187.3532 3.33 1098
7609.43007 18.7512 0.0403 56.4854 182.2686 3.79 1199
7609.45686 18.7880 0.0478 223.6252 208.2365 4.62 1281
7609.47447 18.6675 0.0486 -344.7052 236.8029 5.41 1279
7609.48524 18.8344 0.0737 425.8576 304.3403 6.83 2161
7610.22437 18.7387 0.0735 -1.2267 331.3843 4.43 1882
7610.24292 18.7445 0.0452 25.3746 205.2987 3.48 1495
7610.26236 18.8003 0.0537 278.0625 231.0638 3.29 1682
7610.28673 18.6941 0.0415 -213.8885 197.7513 3.79 1334
7610.31264 18.6659 0.0406 -352.4049 198.7388 3.53 1347
7610.37006 18.7681 0.0378 133.9210 168.4866 2.99 1213
7610.38772 18.6914 0.0430 -226.9746 205.4542 2.87 1430
7610.40534 18.7571 0.0762 83.9169 337.5435 3.46 1547
7610.42301 18.6880 0.0342 -243.2995 164.3857 3.27 1245
7610.44026 19.8588 0.6150 3257.9059 780.5447 4.30 1604
7610.44361 18.7052 0.0354 -160.2883 167.4567 3.57 1109
7610.46226 18.8019 0.0435 284.8509 187.4511 3.66 1283
7610.47731 18.7498 0.0539 50.1867 242.8108 3.95 1379
7611.21349 18.6999 0.0478 -185.6032 225.9354 4.02 2115
7611.23326 18.7412 0.0457 10.1314 208.4639 3.35 1327
7611.25145 18.7277 0.0394 -52.9334 182.2249 3.56 1334
7611.27044 18.7141 0.0380 -117.5252 178.3473 3.41 1334
7611.28883 18.7636 0.0414 113.3756 185.3322 3.70 1340
7611.31983 18.6701 0.0472 -331.6049 229.7223 4.15 2136
7611.34005 18.6317 0.0450 -525.9182 226.7653 3.28 1914
7611.36009 18.7364 0.0440 -12.1449 201.5580 3.64 1711
7611.37831 18.6762 0.0403 -301.2489 195.3880 3.70 1330
7611.39723 18.7059 0.0407 -156.6236 192.2659 3.38 1256
7611.41574 18.6812 0.0397 -276.8810 191.8144 3.35 1228
7611.43582 18.7549 0.0546 73.6734 244.8614 4.66 1224
7611.45445 18.7711 0.0524 147.3576 231.6632 5.23 1333
7611.47662 18.7721 0.0565 152.2085 248.9809 5.75 1294
7612.22304 18.6968 0.0604 -200.5618 284.8083 5.65 2119
7612.24109 18.8873 0.0705 646.4957 277.8173 5.44 2036
7612.26297 18.7633 0.0465 111.8593 207.5196 3.87 1677
7612.28885 18.8364 0.0489 434.4287 203.8962 4.04 1587
7612.30740 18.7323 0.0468 -31.2401 214.8073 3.92 1854
7612.32632 18.6588 0.0661 -388.0287 322.1337 4.47 2595
7612.34470 18.7213 0.0634 -82.9934 291.6884 4.25 2379
7612.36325 18.6952 0.0534 -208.2132 253.0281 4.33 2555
7612.38234 18.6871 0.0538 -247.8422 256.5744 4.38 2321
7612.40124 18.6671 0.0538 -346.6586 261.7533 4.52 2235
7612.41949 18.8026 0.0466 288.0676 200.4249 3.86 1633
7612.43772 18.7255 0.0500 -63.3689 230.7327 4.68 1688
7612.45609 18.7923 0.0585 242.6382 252.9430 4.37 1783
7612.47299 18.8653 0.0801 556.1601 320.3802 6.93 2417
7616.29561 18.7567 0.0609 81.8353 271.6611 5.38 1949
7616.31492 18.7629 0.0585 110.1501 259.8449 5.00 2079
7617.29026 18.8811 0.0762 620.9671 301.2214 6.23 2393
7617.30900 18.8772 0.0745 605.0209 295.6239 6.21 2240
7617.32748 18.8014 0.0689 282.8784 294.0649 5.33 2526
7619.30361 18.7726 0.0671 154.2494 294.0936 4.71 2929
7619.36753 18.5836 0.0495 -779.0332 260.1823 4.72 2068
7621.22791 18.7654 0.0489 121.4792 217.4300 4.43 1199
7621.24576 18.7841 0.0451 205.8047 197.5678 3.88 1145
7621.26487 18.7477 0.0355 40.2547 161.3446 3.33 1050
7621.28447 18.7336 0.0419 -25.0733 192.7423 3.98 1245
7621.30538 18.7730 0.0439 156.0564 194.3707 4.30 1169
7621.32447 18.6539 0.0492 -412.9253 242.7634 5.88 1260
7621.35148 18.6177 0.0476 -598.5642 242.9845 5.84 1157
7621.39459 18.7455 0.0499 30.0711 226.1344 5.07 1276
7621.41239 18.7517 0.0497 58.7361 224.0081 5.20 1299
7621.43289 18.7710 0.0559 146.8334 246.6118 5.73 1402
7621.44937 18.6922 0.0456 -223.0860 217.4191 4.66 1489
7624.24024 18.7793 0.0947 184.6767 407.3855 3.82 1118
7624.25787 18.6971 0.0672 -199.0953 315.8511 3.59 1116
7624.32279 18.7906 0.0407 234.8074 177.5348 3.75 971
7624.34333 18.7907 0.0389 235.2710 169.9644 3.62 954
7624.36036 18.8042 0.0319 295.1704 138.0059 2.86 906
7624.39054 18.7477 0.0386 40.4194 175.4463 3.91 1049
7624.40820 18.7839 0.0355 205.1302 156.2892 3.35 1026
7624.42591 18.7913 0.0429 238.1596 187.0839 3.54 1143
7624.44018 18.7377 0.0389 -6.2196 178.2487 3.80 1217
7625.23288 18.7194 0.0446 -92.3052 207.2829 4.28 1175
7625.25115 18.7594 0.0538 94.3037 240.0854 5.52 1150
7625.27309 18.6819 0.0517 -273.6209 248.2285 4.28 1107
7625.29211 18.7621 0.0421 106.7347 188.4201 3.04 1018
7625.31074 18.7078 0.0357 -147.5970 168.4424 2.67 915
7625.32935 18.7040 0.0402 -165.9267 190.0380 4.35 1039
7625.34791 18.7668 0.0334 128.0022 149.4206 2.69 910
7625.37055 18.7676 0.0290 131.8400 129.9966 2.83 941
7625.39690 18.6945 0.0359 -211.9307 171.5203 3.06 962
7625.41522 18.7830 0.0395 200.9916 173.5687 3.71 1096
7625.43632 18.7370 0.0412 -9.4067 188.6853 4.02 1071
7626.22882 18.7450 0.0318 27.9671 145.3227 3.00 972
7626.24870 18.7651 0.0351 120.2645 157.0903 2.61 914
7626.26941 18.7175 0.0439 -101.2123 204.5430 2.61 878
7626.28827 18.7201 0.0331 -88.9448 154.5936 2.46 820
7626.31172 18.7760 0.0311 169.7221 138.3791 3.02 822
7626.33007 18.7514 0.0305 57.5852 138.7964 2.63 815
7626.34807 18.7567 0.0324 81.6843 146.2393 2.57 795
7626.36627 18.7670 0.0324 129.0517 144.9760 2.86 805
7626.39546 18.7748 0.0336 164.3444 149.4551 3.19 984
7626.41356 18.7542 0.0371 70.2202 167.5618 3.30 936
7626.43921 18.7885 0.0418 225.8245 182.7177 3.82 1028
7627.23524 18.7645 0.0312 117.5684 140.0701 2.85 952
7627.25598 18.7545 0.0365 71.6892 165.0894 3.12 973
7627.27553 18.7240 0.0362 -70.3287 168.2546 3.52 969
7627.29477 18.7570 0.0348 83.4138 157.0178 3.00 885
7627.31292 18.7204 0.0388 -87.4087 180.7888 3.40 880
7627.33105 18.6411 0.0301 -477.4928 151.5144 3.30 851
7627.34909 18.7717 0.0417 150.0957 185.0928 3.70 926
7627.37082 18.7600 0.0338 96.8057 152.1942 3.30 884
7627.39803 18.7616 0.0448 104.1897 200.3764 4.38 998
7627.41607 18.7782 0.0508 179.4925 223.1534 5.45 1063
7627.43106 18.7168 0.0503 -104.6519 233.8156 5.73 1063
7628.21897 18.7855 0.0470 212.4170 205.3340 3.95 1502
7628.23762 18.7078 0.0318 -147.7731 150.3613 2.98 1002
7628.25662 18.8168 0.0362 350.1221 154.3698 3.13 989
7628.27661 18.6471 0.0358 -447.3207 178.6975 3.70 945
7628.29522 18.7692 0.0347 138.6857 154.7408 3.29 956
7628.31390 18.7319 0.0421 -33.1400 193.9641 3.40 930
7628.33250 18.7109 0.0337 -132.5850 158.8137 3.33 906
7628.35054 18.6808 0.0339 -278.7122 164.3100 3.44 899
7628.36872 18.7083 0.0437 -145.2751 205.5828 3.66 915
7628.39956 18.8485 0.0479 485.8964 197.4207 4.48 920
7628.41801 18.8260 0.0516 389.7105 216.9328 4.81 896
7628.43730 18.7018 0.0519 -176.6843 244.6107 5.59 983
7629.22413 18.7489 0.0417 46.0261 189.1489 3.43 1168
7629.24270 18.8400 0.0458 449.6208 190.6200 3.78 1078
7629.26177 18.6534 0.0504 -415.0776 248.5536 4.45 1080
7629.28373 18.6932 0.0443 -217.9359 211.3503 3.78 1010
7629.30202 18.8200 0.0463 364.1187 196.1787 3.76 993
7629.32034 18.6756 0.0414 -304.5276 200.9149 3.94 963
7629.33849 18.8079 0.0453 311.4804 194.1204 3.94 1023
7629.35673 18.8307 0.0477 410.2554 200.0129 4.18 1024
7629.37712 18.6880 0.0473 -243.7129 226.4108 4.42 1078
7629.39944 18.9188 0.0862 772.6239 327.3551 5.03 1104
7629.43212 18.8461 0.1551 475.6779 610.6126 6.08 1033
7630.23501 18.8004 0.0356 278.2210 154.1620 3.27 942
7630.25583 18.8108 0.0316 323.9719 136.0380 2.74 958
7631.28351 18.7112 0.0433 -131.1770 203.1632 3.90 901
7631.31384 18.7374 0.0414 -7.4656 189.8743 4.30 949
7631.33127 18.7027 0.0462 -172.0425 218.1896 4.94 1046
7631.34845 18.8148 0.0586 341.3630 247.9956 5.06 1067
7631.36547 18.7410 0.0485 9.3109 220.5582 5.18 1063
7631.38435 18.8251 0.0626 385.9795 261.8548 4.87 1054
7631.40147 18.6814 0.0458 -276.0228 220.6853 5.10 1148
7631.42345 18.7320 0.0502 -32.5497 230.2727 5.43 1134
7632.24516 18.8651 0.0516 555.3038 209.3877 4.14 949
7632.27140 18.7473 0.0560 38.4012 252.7012 4.81 932
7632.41175 18.7011 0.0406 -179.9066 192.5657 4.10 943
7632.42025 18.7362 0.0507 -13.1424 231.5334 4.73 925
7633.22687 18.8113 0.0683 326.1380 288.9801 5.83 1076
7633.24859 18.8402 0.0630 450.7071 260.0188 6.49 1001
7633.27365 18.7339 0.0512 -23.6673 234.5225 6.22 994
7633.30915 18.8656 0.0622 557.2443 250.7873 6.05 957
7633.32804 18.8225 0.0450 374.9740 190.1880 4.51 949
7633.34974 19.2460 0.0947 1888.9646 265.2273 6.81 941
7636.23943 18.7094 0.0418 -140.0761 196.4912 3.93 932
7636.26095 18.7117 0.0428 -129.0409 200.7915 3.46 962
7636.28891 18.6268 0.0456 -551.0007 230.7027 3.78 932
7636.29119 18.7309 0.0442 -37.9292 203.6630 3.83 797
7636.30875 18.7185 0.0539 -96.3365 249.8520 4.18 691
7636.32627 18.4457 0.1903 -1570.1822 1066.5369 4.79 532
7636.34379 18.7151 0.0916 -112.5130 418.6418 3.46 461
7636.36254 18.6696 0.1012 -334.2359 480.2441 3.67 435
7638.22597 18.7844 0.0694 207.4108 300.7137 6.84 1454
7638.24387 18.8185 0.0613 357.6488 258.3686 6.07 1224
7638.26872 18.7642 0.0535 116.0305 237.6630 5.87 1082
7638.28675 18.8315 0.0594 413.5818 247.3285 5.36 993
7638.30477 18.8991 0.0892 694.1945 344.6143 5.17 639
7638.33420 19.0340 0.0993 1204.5651 337.0790 4.64 511
7638.35138 18.8452 0.1006 471.6165 406.3552 4.02 349
7638.36865 19.1290 0.3025 1527.7086 859.5816 5.14 221
7638.39640 18.6577 0.0396 -393.8647 195.3435 4.26 1024
7638.40683 18.6542 0.0473 -411.2200 233.5941 4.40 1031
7639.22315 18.7651 0.0651 120.3223 287.6032 6.64 1433
7639.24347 18.8833 0.0616 630.2318 244.4621 5.81 1330
7639.26251 18.7233 0.0540 -73.7461 249.2023 4.69 1311
7639.28268 18.7424 0.0569 15.7835 257.6028 4.41 1247
7639.30113 18.7531 0.0418 65.1711 188.9219 3.67 906
7639.32108 18.7016 0.0439 -177.4043 207.8020 3.83 742
7639.33926 18.6586 0.0766 -389.0677 371.4478 3.73 738
7639.34225 18.7373 0.0749 -7.9454 337.8221 3.70 644
7639.36298 18.9833 0.1567 1020.0614 543.4123 3.42 621
7639.38905 18.3187 0.4190 -2393.5692 2387.3812 4.20 349
7639.39993 18.4197 0.2674 -1731.0841 1483.0939 4.69 160
7642.29759 18.7332 0.0679 -27.3295 308.6334 6.73 2515
7643.22701 18.8488 0.0655 486.9449 267.8566 4.29 2556
7643.24529 18.5965 0.0775 -710.3248 397.8466 6.73 2651
7643.37038 18.7555 0.0661 76.3483 294.5350 6.14 2333
7643.39122 18.8588 0.0864 528.8978 346.6491 6.95 2435
7644.22521 18.8786 0.0698 610.8754 277.3942 5.02 2468
7644.24689 18.5937 0.0455 -724.9138 237.4625 4.49 1869
7644.27691 18.7668 0.0713 128.1480 313.6029 4.10 2338
7644.30065 18.8681 0.0829 567.7064 330.2700 5.00 2647
7644.32043 18.6810 0.0595 -277.8217 284.9266 4.49 2607
7644.33831 18.6356 0.0618 -505.7967 308.3374 5.12 2643
7644.35922 18.8980 0.0824 689.8851 319.7413 5.55 2592
7644.38477 18.8529 0.0929 504.1818 373.7011 5.90 2737
7645.22766 18.7171 0.0496 -103.2277 230.5806 4.00 1960
7645.24841 18.6962 0.0411 -203.4864 195.7256 3.55 1554
7645.26563 18.7453 0.0523 29.0836 236.7096 4.58 1551
7645.29448 18.8537 0.1098 507.4266 438.2358 6.77 1671
7646.23388 18.7980 0.0400 267.5882 173.5322 3.13 1503
7646.25212 18.7760 0.0365 169.6884 161.8492 3.15 1463
7646.26989 18.7281 0.0424 -51.1240 195.7232 3.73 1624
7646.28822 18.7651 0.0392 120.4110 175.1563 3.30 1627
7646.30686 18.7818 0.0463 195.8069 203.0205 3.15 1659
7646.32498 18.8464 0.0501 476.8976 206.7529 3.69 2182
7646.34675 18.7216 0.0363 -82.0180 169.0200 3.14 1991
7646.38040 18.7620 0.0570 105.8964 253.5785 3.65 2973
7647.28703 18.7307 0.0575 -38.8591 263.3780 5.49 1693
7647.30565 18.8515 0.0697 498.3092 283.9090 5.56 1786
7647.32316 18.9164 0.0716 763.3517 274.3449 5.64 1800
7647.34181 18.8515 0.0713 498.4120 290.0035 6.03 2000
7649.24665 18.9079 0.0722 729.4163 278.8230 6.85 1411
7649.28754 18.8352 0.0642 429.3031 266.0481 6.38 1515
7650.22746 18.8481 0.0521 484.0805 214.5501 4.31 1385
7650.26275 18.9638 0.0788 946.9423 288.1109 6.75 1208
7650.28171 18.8647 0.0556 553.5708 225.2492 5.21 1376
7650.29971 18.8042 0.0489 294.9940 209.8886 4.57 1434
7650.31759 18.7715 0.0491 149.4749 217.1159 4.50 1535
7650.33467 18.7058 0.0523 -157.0162 245.4893 5.18 1540
7650.35357 18.7689 0.0678 137.5474 298.1833 6.61 1757
7650.36944 18.7766 0.0661 172.3717 289.0446 6.22 1816
7651.22823 18.7864 0.0361 216.2076 158.6619 3.01 1239
7651.24618 18.7189 0.0314 -94.6467 146.9399 2.88 993
7651.27093 18.7614 0.0362 103.3690 162.7467 3.32 1062
7651.28774 18.7030 0.0380 -170.6017 179.9267 3.34 1004
7651.30549 18.7684 0.0467 135.1379 207.5831 4.48 1060
7651.32697 18.7643 0.0413 116.4214 184.7563 3.57 1304
7651.35144 18.8160 0.0511 346.5637 216.6667 4.02 1480
7651.36849 18.8630 0.0603 546.5879 243.9204 5.18 1586
7652.24637 18.6833 0.0316 -266.7331 152.7350 3.26 991
7652.26473 18.7642 0.0383 115.9397 171.2818 3.23 1113
7652.28252 18.7127 0.0390 -124.3571 182.8150 3.32 1090
7652.30144 18.8365 0.0393 434.9543 164.5520 3.32 1166
7652.31913 18.7339 0.0365 -23.7838 168.1232 3.33 1221
7652.33866 18.7791 0.0380 183.6162 167.6973 3.34 1265
7652.36353 18.7390 0.0519 0.0498 236.1143 4.76 1400
7653.24092 18.7058 0.0467 -157.0050 219.7408 2.64 979
7653.26286 18.7545 0.0337 71.8656 152.6175 3.05 1060
7653.28083 18.7147 0.0374 -114.7347 175.4482 3.90 1077
7653.29879 18.6743 0.0371 -311.0816 180.4922 3.91 1125
7653.33282 18.6602 0.0392 -380.9224 192.9477 4.46 1188
7653.35094 18.5888 0.0420 -751.3496 220.3892 4.88 1269
7653.36008 18.7179 0.0432 -99.1562 201.2919 4.23 1321
7654.23071 18.8771 0.0597 604.6083 238.6869 5.67 1273
7654.24896 18.8840 0.0618 632.8036 245.2163 6.09 1162
7654.28595 18.8110 0.0590 324.9885 250.5209 6.18 1206
7655.23093 18.7094 0.0450 -140.0798 211.3303 4.23 1361
7655.25054 18.7242 0.0415 -69.3095 192.5417 4.05 1127
7655.26832 18.7713 0.0460 148.6036 203.9264 3.83 1219
7655.29151 18.6946 0.0359 -211.1590 171.3428 3.26 1064
7655.31730 18.7141 0.0394 -117.2197 184.4865 3.47 1114
7655.33523 18.7164 0.0349 -106.5057 163.4107 3.41 1158
7655.35625 18.7541 0.0568 70.0004 254.7020 3.99 1312
7657.24918 18.7275 0.0297 -53.7334 137.9403 2.79 1037
7657.26718 18.7942 0.0306 251.1149 133.6874 2.76 1037
7657.29642 18.7809 0.0584 191.8729 255.0043 4.58 1096
7657.35135 18.5136 0.0532 -1167.9374 298.1270 6.66 1131
7660.24802 18.7555 0.0409 76.5141 184.3699 3.84 1075
7660.26731 18.7253 0.0380 -64.0541 176.2757 3.42 1115
7660.28670 18.7506 0.0370 53.9776 167.7022 3.42 1162
7660.30451 18.7536 0.0403 67.7759 182.1149 3.94 1154
7660.32229 18.7559 0.0409 78.2778 184.3702 3.68 1136
7660.34074 18.6988 0.0389 -190.7505 185.0570 3.66 1167
7661.24149 18.6711 0.0961 -326.9281 456.7733 3.30 1015
7661.25940 18.7195 0.0528 -91.7281 244.8340 2.93 1101
7661.27756 18.6940 0.0890 -214.0234 415.4760 3.63 1072
7661.29944 18.7715 0.0533 149.4042 235.3854 2.77 1091
7661.32431 18.6698 0.0640 -333.3996 308.7014 2.85 966
7661.33960 18.7374 0.0372 -7.6079 170.9444 2.82 1223
7662.24033 18.7254 0.0334 -63.8209 155.0990 3.07 1103
7662.25743 18.8126 0.0370 331.9881 158.3271 3.12 1109
7662.28266 18.7805 0.0439 189.6907 193.0333 3.55 1199
7662.30027 18.6805 0.0434 -280.1812 209.4281 3.69 1256
7662.31822 18.6437 0.0375 -464.5289 187.5168 3.61 1244
7662.33410 18.8170 0.0452 350.8110 192.1268 4.14 1315
7663.24021 18.6426 0.0493 -470.1312 245.7335 4.94 1370
7663.25801 18.9634 0.0703 945.3613 258.0256 6.49 1367
7663.27622 18.7495 0.0503 48.8295 226.9725 4.89 1310
7663.29436 18.7815 0.0527 194.5538 230.7266 4.99 1283
7663.31169 18.8076 0.0584 309.8660 248.9838 5.15 1346
7664.24435 18.7165 0.0502 -106.1736 233.4141 4.47 1238
7664.27253 18.7548 0.0607 73.2373 271.5032 5.65 1283
7664.29003 18.7026 0.0473 -172.4821 222.9721 4.88 1257
7665.25209 18.7749 0.0441 164.5961 194.8964 4.29 1271
7665.26942 18.7629 0.0490 110.3027 218.6289 4.06 1300
7665.28644 18.6633 0.0411 -365.7223 201.8579 4.29 1266
7665.30537 18.5697 0.0563 -854.3800 298.9740 5.66 1296
7665.32696 18.7849 0.0554 209.5478 241.5799 5.97 1252
7666.24917 18.7825 0.0591 198.6598 257.6159 4.78 1131
7666.26806 18.8360 0.0441 432.5991 184.1623 4.06 1166
7666.28566 18.7145 0.0382 -115.5694 178.8594 3.76 1139
7666.30710 18.7099 0.0515 -137.5819 241.0691 4.38 1124
7666.32425 18.6656 0.0508 -354.1873 247.3968 4.38 1176
7667.24163 18.6921 0.0456 -223.6424 217.3422 4.21 1359
7667.26867 18.6994 0.1045 -188.1903 481.6635 5.21 1449
7667.28674 18.6710 0.1140 -327.2638 537.4680 6.89 1467
7667.30463 18.7515 0.0675 57.8442 301.7277 5.49 1185
7667.32667 18.7386 0.0531 -1.7172 241.7492 5.73 1191
7671.24644 18.7809 0.0390 191.5603 171.8293 3.44 1421
7671.26443 18.7629 0.0474 110.1912 211.5703 3.86 1746
7671.28391 18.7785 0.0709 181.0700 308.4058 4.75 2455
7672.24682 18.6837 0.0473 -264.5096 227.2905 4.84 1408
7672.27573 18.6604 0.0501 -380.2442 245.3630 4.75 1427
7672.29542 18.7786 0.0571 181.4525 250.1017 6.10 1472
7672.30732 18.6642 0.0537 -361.0656 261.7000 6.08 1538
7674.23843 18.7146 0.0558 -114.9762 259.2446 4.66 2260
7674.25692 18.7393 0.0651 1.5307 294.4473 6.63 1916
7674.26018 18.6832 0.0696 -266.9637 330.8686 6.57 1819
7674.27733 18.7751 0.0624 165.4333 273.6316 5.52 1899
7674.30175 19.0255 0.1143 1174.4187 388.5755 6.73 1931
7675.27223 18.5717 0.0632 -843.6385 334.1728 6.54 1782
7675.29789 18.6660 0.0656 -351.9703 317.2598 6.93 1982
7678.24908 18.8237 0.0737 379.9883 307.3515 6.53 1909
7679.24440 18.7291 0.0593 -46.4809 271.7605 5.70 1819
7679.27056 18.7732 0.0617 156.8908 271.2057 5.83 1754
7679.28915 18.5734 0.0570 -834.3536 301.5784 6.57 1976
7681.25564 18.6548 0.0486 -408.0487 239.3538 4.16 1188
7681.27966 18.7030 0.0439 -170.4463 207.2738 4.29 1225
